outcome
0.9880901762149898
0.9986495705034353
0.8506743939439608
0.9932462202181972
0.8682901306393044
0.9446484581154018
0.995837205871644
0.29128828949255314
0.998569614635479
0.9924664779388042
0.9955450100474605
0.9278158539877652
0.9674575171752839
0.9914934681920656
0.9889645427573773
0.9984392519470847
0.9034354690648022
0.9960737515739128
0.9852183629016608
0.97047357424711
0.9976498486684655
0.9958098063123088
0.9443757542850552
0.9989945621622783
0.9845699009253586
0.9623640954574426
0.9761885451331548
0.9704039124288245
0.9957601983523157
0.9970269234329148
0.3038380460588799
0.9905540457915535
0.9459151469643967
0.9516066561022761
0.831081882407676
0.9989464770099079
0.9957667106342554
0.8822367887935106
0.9789141803000843
0.9332303827499877
0.9895385366098669
0.9958057064814573
0.542444189147441
0.9911186666926081
0.9930328669342424
0.9932348705587988
0.9596713452074919
0.9526165267746958
0.9983206909817962
0.36396346008032443
0.06172327262224104
0.9979243595797921
0.9644920928683238
0.9965352451178673
0.994366712826737
0.9952771250163144
0.9985008812784949
0.6435948765138046
0.996658413328569
0.9912570368541234
0.8301426002548057
0.9923371893926628
0.9385862483715373
0.9897380702089975
0.7712833125798443
0.6027781267257
0.9947569047472287
0.8979257560299458
0.9943532445967544
0.9790861288538527
0.608567963887222
0.9974419320896303
0.998015004730228
0.825602612908604
0.9970238216337245
0.8559891404120334
0.9859220021142382
0.9916487871309243
0.9888675872048803
0.47966868157860976
0.9700536318027342
0.6766067304407729
0.6645682817116938
0.9917498172387955
0.9963443964232674
0.936498793479824
0.051514702830292684
0.9866439154894738
0.8977019259968427
0.06163733453004847
0.9964004188591877
0.967301712439015
0.9725562710039675
0.9926831939437744
0.7718551173985267
0.9218706393464647
0.9931528930138769
0.35377056463146894
0.7902851616018112
0.9979887231915158
0.9927651357158113
0.8993702596386419
0.9938151692549065
0.9717774391819639
0.9981737799788398
0.707572731241609
0.4492224119225016
0.7790027278069226
0.6073052808562032
0.8080696867149071
0.9948365237506016
0.9828487147565407
0.9948127462934847
0.974214803284793
0.911931841601545
0.7489126929797413
0.7476321729864545
0.9384240515664902
0.9971556649150781
0.9906887677836903
0.7661886787169407
0.18454313138137488
0.9167408372297415
0.6440144751919078
0.9980562411983155
0.9857256148865586
0.9950397984113887
0.9798051722693585
0.9962777431212642
0.13733705306982347
0.997665665484971
0.9873903906559762
0.9963971534651288
0.9986000710527286
0.09154567549226526
0.8818422170094203
0.9975786637608832
0.6277214812649972
0.2567921815852686
0.9319969243541455
0.8950601795071376
0.995870872146078
0.9896209983258104
0.9888310536782934
0.9809038108060881
0.9977492969318863
0.9518229870134964
0.9643885452370387
0.9975962543705124
0.2448905067569552
0.8926932764079172
0.9965156819276733
0.9271143558151801
0.9918869777873036
0.9835247365658979
0.9965644567617461
0.9861226704791044
0.9266837213186558
0.9933848782299973
0.7717390236283815
0.7424127303822907
0.984498658909395
0.9067179474180481
0.7677057558355407
0.049203849643356244
0.9770918281256314
0.998677307111381
0.9862700433466003
0.900081001006855
0.4431862853505148
0.9218879799383847
0.9951533383192943
0.24982258035963972
0.9895534092939506
0.9641503789158828
0.592469472356118
0.9806551888504681
0.985879301598163
0.9411121569771635
0.9889127413569672
0.6775767358088527
0.9985708945096436
0.9824486053270529
0.998244515860433
0.9397185600814281
0.9723973623146651
0.9961323418915411
0.9969115360135187
0.4052068566931792
0.9977056137050161
0.9899414194764301
0.05841964776848937
0.9247796880037786
0.7821117794371061
0.3613955277864481
0.969828375042409
0.8916304515660833
0.9751178161859198
0.9968933537297935
0.9535964037582997
0.9793897559848872
0.7652048433310649
0.9904591678879173
0.9593638810765761
0.9814801821421635
0.8185876530858202
0.9981086451584366
0.980351451589586
0.45404128114058073
0.8879805743632422
0.9803506347273907
0.9866741424250505
0.9978770489228725
0.9813078382713872
0.9771699719828026
0.3065616499664223
0.9974507084477839
0.3633708209901959
0.94252580825225
0.4839955065005995
0.9948510309746226
0.16328623873362463
0.9929461331106404
0.9732722633601479
0.5893602058733155
0.9805136466918873
0.9899846993958823
0.9900085470082648
0.9231060468111468
0.9962651513718038
0.4463168510098023
0.9912280871909227
0.987128688149375
0.9586938366254077
0.9879650223644965
0.9910255862142537
0.9950945923471096
0.8142908962785602
0.9421426781856206
0.9887024140024747
0.8066260262721786
0.9959227145628559
0.9810989259361824
0.9889853850125464
0.9933888911756898
0.9848425075260678
0.9988706678352709
0.9850390438414698
0.9881794697606158
0.9631017200393914
0.7973009093754547
0.9895418368400993
0.7874699283652117
0.6270226640179025
0.7036470364498437
0.9118593650480634
0.997228684632618
0.9978718063519995
0.7959381263718049
0.9096241824570767
0.9103716550064098
0.9443493629461588
0.9971049610442846
0.8944579383675784
0.8356057589771314
0.9984331975776721
0.997600680392365
0.963986539892514
0.9878355728169197
0.9829355672336233
0.9909132507490253
0.9910464596136643
0.9719044309282246
0.9921948150330995
0.8958517051173558
0.9800784587106677
0.3512049853234302
0.9490691031100937
0.9899623995557464
0.9693222416364334
0.9447208177031249
0.9734897847375317
0.9963872649650175
0.8598321501723711
0.4437300726260374
0.31965753354630083
0.9959711626307276
0.9764264393720821
0.9890631500629729
0.9584734834385809
0.9950779083755803
0.9871560251394637
0.6674473047545383
0.9886071601539663
0.22722328459534813
0.9814586832965626
0.994115755956693
0.9918729611773189
0.9929750894384676
0.919358967327288
0.048524636149335554
0.983454973576807
0.7123923038415896
0.9818642145054359
0.9726782863374355
0.9477946595673981
0.994625351538546
0.9959453990912338
0.9845985105189028
0.8507317953352452
0.9709775570412639
0.9912970427704744
0.9926984701906706
0.9832555031346968
0.9880724860911485
0.9885981786688922
0.9950826447949983
0.9481036285251756
0.05518932411771856
0.9941371204471269
0.9944490596770673
0.9872041117790725
0.9966205387313585
0.9929181832968124
0.7465651820586987
0.9951752020422787
0.3208853531359881
0.9979362439163698
0.8400924628325717
0.9878997160655927
0.9956277372098734
0.9901677081759919
0.9990079658383674
0.9977765221169601
0.1923770971706698
0.9854802533194114
0.625031385738062
0.8926749653326167
0.9438414610264468
0.7981764159189159
0.9897184172563062
0.9922746306083249
0.9410908345313852
0.8957980823154403
0.9414115479951227
0.9429350135966958
0.9940517360381503
0.9176327042574699
0.98975753806119
0.8832832992488844
0.9884382895940995
0.8360702609958827
0.9866943792987174
0.9734651472528579
0.9968834153070959
0.8075151574850012
0.9858885951717107
0.9770347367485422
0.8897315086934576
0.9964270210566814
0.9935738052312608
0.9493569507219668
0.9715414836150592
0.9732498955545628
0.9652623579847798
0.9933164820798356
0.9644150691165796
0.7751811944805455
0.7237438613700138
0.9284850591211329
0.9586212888170995
0.9245947713199275
0.8254208431599296
0.9477332810717382
0.9953796009229875
0.9947422105743625
0.9944556558690305
0.9862361435854444
0.9608275669034957
0.982946044043553
0.9535401891732315
0.9957991250009107
0.9869546887071471
0.9870322717414425
0.40778141265488105
0.9853535727794464
0.9175091227279621
0.989295574760703
0.9605066141669427
0.9450926926028123
0.9835316611892739
0.995895973855444
0.8416673855749915
0.997913860079913
0.976925121708681
0.984369453891237
0.9201276234525283
0.99309020097221
0.6936930278876792
0.9830990103025906
0.9927932391204981
0.9762288131495053
0.9766389500604463
0.3829772258139849
0.9937848159477914
0.9644497275650836
0.9864627197267803
0.9722710664733373
0.8857531403648398
0.827864421001316
0.919907804916308
0.9964968862009241
0.974623918049792
0.964833572132722
0.9109808634082152
0.6136029427557611
0.9890903194799254
0.9857427152794459
0.9722171607987885
0.8264378921010342
0.9937683284464908
0.9923179884102273
0.94739884649931
0.9756702068635004
0.985042680902639
0.8388917626792446
0.992506168255087
0.9960865669896747
0.989997582056116
0.9358481631896733
0.986417543208315
0.9899215833909487
0.9458223432830547
0.9862431515058556
0.9844509372546005
0.9648552003320713
0.93372151618947
0.9326904075314963
0.882211909972959
0.8287455882457688
0.9946888900572954
0.9710828670078475
0.9964093519628193
0.9833967898486229
0.9876300549397926
0.9635321696152013
0.9856113578013466
0.9492161455898236
0.9914432305218401
0.9931845532041506
0.9409095759584306
0.9579757071579037
0.987025108702675
0.9877604922710405
0.9910656150467544
0.9268450586081143
0.9879682106879337
0.9078539195368222
0.9859830128496327
0.9971835020036856
0.9770855174745617
0.9896644295452807
0.9952780709592903
0.7354057428345342
0.9849108020770166
0.7576019844937407
0.917535521682652
0.9890402985117248
0.9930430643533731
0.6552606011447715
0.8110441598040499
0.9824656546745256
0.9487653059332078
0.9914372753335214
0.9916939827218821
0.9914833881985474
0.9840209760014053
0.9912126649821317
0.9972078194135271
0.9937544757476249
0.9873203577890782
0.9225943802379631
0.9174349864988338
0.9894002317997259
0.997032599280555
0.9917000147235608
0.99424896216259
0.9893226360890375
0.9876422998310926
0.981956172227594
0.9966347954590941
0.9190091177272817
0.9943141486435875
0.6292817598842655
0.9956188078120293
0.9325261277533115
0.9635608222706461
0.9858062041581738
0.9915445876570744
0.9899841439657945
0.9937707541529938
0.8969570625342943
0.996104128721539
0.9950181418942107
0.9485363510608545
0.9678184365797418
0.992019094643465
0.9936804135113014
0.9863644479276416
0.9917871377975724
0.9857805684415673
0.9961168837927432
0.9938005596255043
0.9719979544336241
0.845654431021747
0.9366025023653871
0.9799384079167759
0.9831086823836488
0.996312007477903
0.9634178688461446
0.9941367739922639
0.9860532657485271
0.8663257866076213
0.991571309057699
0.8012783151780608
0.9803050107456868
0.9461911928659824
0.9906922907965897
0.9883150627533827
0.9513325414390265
0.9763762900760825
0.9852045519686023
0.9638441117052146
0.9823482108566107
0.8140724624510265
0.9969545961166958
0.9925058076788044
0.995770374175636
0.9916973472383215
0.8885086099567889
0.9852883268946022
0.9912245955670218
0.9963895369194474
0.9867325988407217
0.9854592918203897
0.9932612227910442
0.9875521669775914
0.7946950166857459
0.9938519049569806
0.810596840396335
0.9476983126791997
0.7370919513011674
0.8039231985449791
0.9719901867894128
0.9881443230137127
0.9950227014031283
0.45493820544945673
0.9951479117188818
0.9962723865873776
0.9977565885299577
0.9256368383404319
0.9867676519397948
0.9643588890583409
0.9869002671511683
0.9915751833072219
0.8865869721941759
0.9966509258479904
0.8070629433356677
0.9877178304665442
0.993304235027043
0.9933303591083548
0.973424177797022
0.9514199146194384
0.9115547488900176
0.8826360314956991
0.9862379609836448
0.9935512723419131
0.9969047329539951
0.992101742785695
0.9941670780422819
0.9913975592446547
0.975315296523339
0.987955840885703
0.9955254327177294
0.9915592132135084
0.9105207355383947
0.6701848902105912
0.9770538252413301
0.9948880378295593
0.9898554122646989
0.38696220333819126
0.9872283389759964
0.9867669465187803
0.9130660447361013
0.9480776436712273
0.9874020893457622
0.9951703144278575
0.9941293415978755
0.9966259619323643
0.9890220792915918
0.9090161366506843
0.9969298659072598
0.9366269745470059
0.9890208044885181
0.9779990755820761
0.993168216306501
0.9474461925257395
0.9904213495495579
0.9974331991733837
0.9729341404431963
0.9437922011345086
0.9904739352994865
0.9936796004011033
0.9953009829021014
0.8574803545463903
0.9867251897695529
0.9942700418812056
0.8046713166958618
0.9642998300849001
0.9809743233914057
0.9958527425351457
0.9887489604561067
0.997765974076751
0.9929019268573278
0.9964742906513177
0.950936605614468
0.9976041172353695
0.9840660403579635
0.9785674119252239
0.9918788404452219
0.9904488817640646
0.9880661084902358
0.9843214119580674
0.9847391730650724
0.990198874065413
0.8228616680835757
0.987396445263683
0.8809202554628246
0.9872088964837807
0.9909482462701854
0.965862924095558
0.9849810144729596
0.958578585245684
0.9722327723249095
0.9895338053060792
0.9900423928257353
0.9797667904504671
0.9938917742633772
0.9884064678229849
0.947537719774967
0.9787240351257914
0.9917493535375477
0.9923179778798898
0.9748368298306213
0.8578083833131565
0.9835361733797937
0.9933677324088663
0.9494265220826834
0.9942117500026837
0.9969027114760507
0.969047977920697
0.9931549501883917
0.8286641341621939
0.6153304210892871
0.9816205172861183
0.8845524629155489
0.9929376747269452
0.9871205559364711
0.9812440269572448
0.9920397448725972
0.9910001248014257
0.9820963291431205
0.9936879831177519
0.9611024277520996
0.9861434707526342
0.9934122893479508
0.9825319848387618
0.5889634081285497
0.9411927516853321
0.9907817366868539
0.9899218071342781
0.9674533153521981
0.863993042347214
0.9931992060362517
0.9853862165213554
0.863395242144036
0.9906391583801004
0.9926113844339808
0.9960433915728867
0.9740360756640825
0.9690253469798416
0.9887377358142251
0.9758093854190167
0.9928577669068106
0.980597132388245
0.6650418036884681
0.9820014156954477
0.855574764268473
0.9839639563118342
0.9704815672134569
0.9866864031455918
0.9853881904830923
0.9103716550001681
0.6957129222658378
0.98308060122538
0.9670314719893804
0.9949260604539867
0.9838520896449461
0.9892765972025537
0.9713322127092285
0.9657628879916733
0.9918686052283492
0.9679655068400496
0.9771260969406872
0.9963207477325758
0.9975168717554433
0.9933334050473284
0.9915968264961064
0.7023304678810737
0.9715778216421047
0.9982922815070735
0.9918461176437178
0.8622486206509447
0.9907088605045637
0.9848503285640222
0.9940033703076816
0.979328079299797
0.7880275599539105
0.9837908435090681
0.9945283475992521
