approach
0.9999939703214341
0.9969640707062453
0.9999991874644037
0.9999507929261982
0.9999935353642613
0.9999502576992353
0.9999546568870168
0.9999913599897093
0.999740788508312
0.9962069297188254
0.9231122360766414
0.9803100767582729
0.9875728645104794
0.9999790328491578
0.9999814919646579
0.9981900859892027
0.999980139943646
0.9999959962968629
0.999999994469629
0.8477721248919704
0.9992163503804934
0.9836497798410759
0.9999918943287367
0.9999939877893631
0.999992301885718
0.9923651987622796
0.993531770745204
0.9999957949134086
0.999917582846993
0.9794591862445194
0.9947054233073982
0.9991325887728728
0.999996404477496
0.9999796156458107
0.9991906446694299
0.9983311041233937
0.9999769387319971
0.9637276884999394
0.9955689837118286
0.8379049029834015
0.9994709918618796
0.9954800800792798
0.9564537188947567
0.9996062588667243
1.0
0.9999838517473221
0.9999863720322366
0.8495413288376206
0.9949860089900816
0.9999952211311628
0.9968286081176462
0.9999840148693806
0.9999826590645763
0.9646375442247177
0.9999248302836474
0.9629133359205746
0.9999730953097609
0.9970067136925695
0.998411872380942
0.9999905672394322
0.9965409093203856
0.9999592623788324
0.9983510921505501
0.9998783580548386
0.9999878757903558
0.4926199676957766
0.999965940263213
0.8279388756785712
0.9550299609013926
0.9998767064365534
0.9992384925934794
0.9999924337820533
0.7564441094599091
0.9999825329415379
0.9994639555473714
0.999250186317979
0.9959143576400953
0.9995614119105374
0.9998667132235183
0.8182487897577525
0.995701515266431
0.8912765692942627
0.9999662149370282
0.999974510314547
0.9999926321068757
0.9922960454985066
0.9999906531857512
0.9986004590135585
0.9999223288872964
0.9999074723545922
0.7362243119295715
0.8363708055523121
0.9999942525193267
0.9988415132040284
0.7308302413825375
0.9999542282537014
0.9996706378108144
0.9999999995903353
0.9999485573690167
0.8972622041205438
0.3494198520688424
0.9997033320214259
0.9999724557340997
0.9957469899700931
0.9999723491371412
0.6588979214574644
0.9974744101123495
0.9769758817007359
0.9999389680123998
0.7653636689166159
0.9999751941169688
0.9468313298927458
0.997895416320846
0.9997843513642484
0.33367320018092095
0.9999833686494508
0.9999915998129462
0.7807502607876875
0.9998236109343669
0.9997151964123773
0.9982688696970986
0.9876259282040456
0.9999352734895439
0.9977347514875955
0.997086726851998
0.999195287517193
0.9996059853294174
0.8409878579728146
0.9926669813854223
0.9999952988908274
0.5681383359555251
0.9842837530369603
0.9842242037025338
0.9999996967864657
0.9999666570256185
0.9999974420589512
0.9999998244405297
0.9983212194842346
0.8023302220285758
0.99999001405884
0.9930445768688799
0.98857634815133
0.9999918478140638
0.9999920632590983
0.9995732825019851
0.9999744778247314
0.9069219690319071
0.997059970090851
0.9925765015331656
0.9999538240263215
0.9839737451748077
0.9971853369425574
0.999983595269042
0.9692778070449174
0.9599428959766007
0.9999750679021999
0.9477734506729208
0.5134981288862158
0.9995322213647241
0.9998940938991067
0.9379739230293238
0.9447687852651254
0.9997873162823333
0.9999879447785686
0.9944446224218965
0.9999228965572209
0.9210269153877381
0.7730772742139282
0.9982134866111906
0.6413064321087021
0.9999854597900365
0.999927204008116
0.9801840180223923
0.9442863728784167
0.9999999998960462
0.9989194738449082
0.8778677959777244
0.9999902086987003
0.9999999273538638
0.9969772138559068
0.9999998995549825
0.9995386555722234
0.8690471720362387
0.9988879678500278
0.9966396915807194
0.9993938976187476
0.7457056314174887
0.9953148483606357
0.8627908225206268
0.9999654941179048
0.9999870403163558
0.9999816305730083
0.9991279823262433
0.9999875346431556
0.9999475332920653
0.806506316543005
0.9999962311223949
0.9955294480956577
0.9999718068481375
0.8842554524960881
0.9777615681242292
0.946914151569782
0.9999789485952131
0.9735065678963885
0.9981777921039774
0.9725167389607023
0.9994455739504563
0.9973106154028598
0.9969885362996556
0.9999601916990254
0.9997597354160023
0.9470476526063183
0.999981676566248
0.9999420772317206
0.9999061161079705
0.9992663150341665
0.999977232102211
0.9377352919687476
0.48456071537141726
0.9999706557922452
0.9907385519167596
0.999930695825476
0.9984760596241087
0.99994634101957
1.0
0.7959645164507738
0.9989837522308246
0.9994452761768147
0.9995846646492805
0.9999998993300329
0.9935114576518354
0.9995285851601757
1.0
0.9888997848863283
0.5058907729235572
0.9999996276195413
0.9999456831423297
0.6073462769901227
0.9998833860108046
0.8412954156371659
0.9083810790889565
0.9999269764447685
0.9999743621072228
0.9988868554750066
0.9992970628451802
0.9965898700226905
0.953353394559118
0.9769707240337704
0.9992332705039005
0.9157576288533285
0.6368883358758426
0.9999858585534672
0.8984483599762699
0.9944361836172492
0.9991878448271319
0.9999779130282782
0.9920363318800522
0.9999878254992123
0.9998231611455767
0.8593578142070171
0.8108430518095548
0.9836765247043178
0.7783403511796861
0.9659160495928285
0.957497195756679
0.9981275051964571
0.9998963476145726
0.9954688674613962
0.979607793916204
0.9971048864919093
0.9863495017269115
0.23011568119528167
0.9999698825736684
0.9995112005519416
0.998630018812713
0.9469555852813649
0.9997857747914883
0.9983071564921239
0.9982493426301683
0.9999820015916159
0.9995064502811793
0.9916415016033122
0.999986553758301
0.9924376604562332
0.9999781580157023
0.9968749710374195
0.9999181673736184
0.9999968543929317
0.999997860890171
0.9999813484741127
0.995238418373037
0.9590356387875054
0.9767449071122688
0.6503180053009198
0.9999314605306133
0.8826023587725659
0.7847350007111339
0.9983313595256921
0.9999126900637997
0.9999999789523409
0.9999683389678133
0.9997581282378453
1.0
0.998624168207266
0.9999834116816441
0.9833106988627816
0.7608118460477374
0.9999943797522901
0.9882617490058199
0.9994993765129709
0.9995824214111736
0.9999655164790201
0.4224402383197041
0.9998310916051831
0.9999900329560805
0.9161326230933319
0.9635306652135227
0.997668394751029
0.9708476522800235
0.999984120863079
0.9999886312165376
0.9999703205530892
0.9980623671049643
0.9886935586293947
0.970933446547156
0.9884969373298637
0.999987625432336
0.9806856848606713
0.9992726942856544
0.9995280455059157
0.9999058009859132
0.9909592081962589
0.9976779955784376
0.9779853717239346
0.7249304301425056
0.9997267741130488
0.9999452769174706
0.9994370004632402
0.9999245764690442
0.9776561067816061
0.9998069764059825
0.9922785887360905
0.9999397997322137
0.8903239816685236
0.9999813939793621
0.9967355411090931
0.9999300840688573
0.9993187280512654
0.9999895429539942
0.94084595923119
0.9920383986225434
0.9990227834577692
0.9999445129816147
0.9997378745361214
0.9945030116279774
0.999944348117363
0.9999548059571153
0.8509079097852239
0.9999813078235696
0.9992110493611716
0.9999259328052339
0.8252578326838698
0.9999876804392319
0.997348568495678
0.28784302889811036
0.9774953815943186
0.9999526779285419
0.9999871793163464
0.8491171485677278
0.9997795076208177
0.9996688188495283
0.9999768604638084
0.9943777203173838
0.9997712002533719
0.9999640636154318
0.9990780504711066
0.9959818060642736
0.999458110038409
0.8167316219878372
0.9992824126870054
0.9974910174510709
0.8456297109469606
0.9996881877322706
0.9992203314680113
0.9948992830269924
0.8743834110818716
0.9999881887359502
0.9841701842820085
0.9999755728622127
0.9871177869879788
0.9989519328827198
0.9999624084298134
0.9999360980883202
0.8450384004760857
0.999926816706198
0.9999447233889538
0.9999674135153933
0.9981921531779673
0.9996590714259759
0.9999528097430861
0.9984714292113102
0.9999255279079738
0.9999999999999998
0.9295437951215937
0.9999856065177657
0.9999999438505727
0.9827287643941787
0.9999875171961942
0.9999819082793361
0.999591664769456
0.999444479341044
0.9992970628451802
0.9999694305279649
0.9999999789563053
0.9999853222096217
0.9993746277616028
0.9998356993494564
0.999216810843177
0.9986741748955372
0.9999519893462421
0.9999886031238923
0.9951634003415667
0.9996202440947689
0.9999996056502417
0.9996626438874661
0.9999310356745399
0.9999716338483287
0.9999835524284834
0.9999783610538452
0.9953321081761335
0.9999267762589862
0.9877618841986103
0.9999745400114747
0.9997968641357281
0.713270174097494
0.8348351358666551
0.9999375439439653
0.9999349464490968
0.9999392508828507
0.9999757786087485
0.9999193490555471
0.9229145392631538
0.9992932181169091
0.9999226612336859
0.9989722463100499
0.9999261248343811
0.9999894555721
0.9920700293747776
0.9999691920536259
0.9997749674829007
0.9999862028982449
0.9971753976986026
0.9993177884430005
0.999852825553925
0.9999877136834265
0.999951125589098
0.999984439299768
0.5263064346969007
0.941987506431397
0.9998815916101681
0.9999494887349853
0.999783047727095
0.9989270916521142
0.9998836537601572
0.999608907515224
0.9999647622232589
0.9999819321363931
0.9582928094391983
0.9963578609312916
0.9999885306756043
0.9999683236569916
0.9999195709914167
0.9993457689430285
0.9985693718874588
0.9972036723839046
1.0
0.9999999977149092
0.9999442217735613
0.9794089148560431
0.9999824116351228
0.9996472502602524
0.9999178901754917
0.5884403538119307
0.9969997572858285
0.9998339129583086
0.9995854517697457
0.9999757428560762
0.9999397803547192
0.999871066565709
0.9997991342110499
0.9989265401749002
0.9956957431682555
0.9981089714727946
0.9998208961004429
0.9815718448980213
0.9976836601756939
0.997087576984726
0.04989343923622152
0.9969241374196842
0.9999144868528169
0.999854983674113
0.9999813219305548
0.9999146210484238
0.9865856619231739
0.9955803651413808
0.9999768075007213
0.999217992631686
0.9993151246094194
0.9999650140725328
0.8578837738770356
0.999726587706253
0.9997684579461517
0.9999921849774989
0.9940016163418586
0.9858642030670581
0.9956598440551079
0.9999709071433296
0.997049660469637
0.9999466894343277
0.9962564177309169
0.9999212650073697
0.999750522159791
0.9998117249950478
0.9987472696746941
0.9998335894392016
0.9999628111732948
0.9999026585116406
0.9864652368512328
0.9999733083970771
0.9999941521813109
0.9986897538736857
0.9999173025833046
0.9951305443971176
0.9994013013223094
0.9999477217696201
0.9999494165374133
0.9975739533739677
0.9999197137922398
0.9999724314548967
0.9969030917610693
0.999948489571115
0.9999864873089612
0.9999443195942989
0.9970656666111052
0.9999398161932698
0.9996770368350606
0.9999754066931019
0.9997950835950712
0.9996516792543658
0.9768649489385057
0.9996352378445885
0.9986708919025762
0.9999100021216045
0.9996517699358388
0.9982559881116276
0.9998763277594954
0.9984448270626165
0.9999407011185706
0.9999270632956903
0.999973808662885
0.9999748471179695
0.8195807061038948
0.9987729369495308
0.9987097285464887
0.9999623985633236
0.9757495225188734
0.9998598767966935
0.9754223210225017
0.9998147812372922
0.9998992801665915
0.9999743954422381
0.9978857767899568
0.9946339628274647
0.9999637580330043
0.9997980007422927
0.9999289824189718
0.9980912123321471
0.9958648102342326
0.99997707197607
0.9999787562978121
0.9999615242664402
0.999800917720419
0.9991666638645424
0.99916027239648
0.9826640677895929
0.9998828700605682
0.9999814495834893
0.9999706585858399
0.9939775643949827
0.9998598726676835
0.9999244966616797
0.9999695751040466
0.9999585863157673
0.9999193045038551
0.9998245248492001
0.9990076765439644
0.9998576838869936
0.9969347699766188
0.9999441741499172
0.9999529337527325
0.99994304325097
0.9998787354658898
0.9496315924897558
0.9999512134749868
0.9992329379978377
0.9948035251552124
0.999640458808146
0.9999580058386307
0.9998980480613051
0.9980347614763497
0.99992423054723
0.9999290553544478
0.9992033390930131
0.9998349582036419
0.9997900808938166
0.999937623244963
0.999790002904476
0.9999591025835503
0.9999812893944667
0.9999251167796117
0.999841523423733
0.9999575998789255
0.9971879791924696
0.9994498684939015
0.9999399925101442
0.9995908922406964
0.9967638340899627
0.9996686504394466
0.981623186209881
0.9999510024791715
0.9999810445220689
0.9999928290662944
0.9982075438801011
0.9999517887879279
0.9987890340181796
0.9995268739824729
0.9981413535179889
0.9999248502770152
0.9999563013887822
0.998295145055127
0.9975171342222127
0.999895877532927
0.9999528961160076
0.9998832598734073
0.9999545560397988
0.9976240875689131
0.9999169733852071
0.9999097627623181
0.9998673109114723
0.9999467783530895
0.9999379740795024
0.9999522900925474
0.9999457016493639
0.9999212110113602
0.9974620823400776
0.999938587433567
0.9999306106788493
0.9956732964607493
0.9999833475305474
0.9996582188183291
0.9940093074133681
0.9999779449457059
0.9415194716594993
0.9999905995185175
0.9999131155834933
0.9998760221349969
0.999985321557813
0.9978340289316928
0.9973225981198862
0.999973568458281
0.9989351710351548
0.9999110463086145
0.9932444859186313
0.999984330393698
0.9999630211609359
0.9999095480135628
0.9999787123686718
0.9878603017965943
0.9990616083716722
0.9999126510939688
0.9999679932626415
0.9999529831726076
0.9972063255916124
0.971232216818335
0.9998980770155227
0.9999737797867367
0.9956031932384297
0.9999805446501926
0.9999185750514845
0.9999788837909516
0.9999734321011127
0.9999909035174498
0.9944867168139087
0.9983648087498227
0.9992290240243198
0.999960159084886
0.999978183293516
0.9996104295958178
0.9971989528521084
0.9999657475048319
0.9998496824125094
0.9997865596005501
0.998165151559088
0.9997217119180124
0.9999532180617663
0.9999618062264228
0.9976052832710932
0.9999107087727195
0.9999676259667901
0.9997530914399352
0.9998722896568422
0.9999906130754216
0.9999916972354215
0.9990767217425258
0.999972391861811
0.9998889033540694
0.9999724316921388
0.9935034652999497
0.9999549869160151
0.9999307072998778
0.9999091056928444
0.998690736185526
0.9948877185313574
0.9998893035150902
0.999890208601027
0.9999641069929377
0.6498327970655313
0.9964167497340584
0.9999548797608663
0.9999785271856355
0.9999038208726373
0.9999613379183698
0.999964319195516
0.9999746713451565
0.9999054109249127
0.9998843463407975
0.5636217452729813
0.9480087628001992
0.9999586495857604
0.9999491743500282
0.9999457771482605
0.9999289527026257
1.0
0.999972008761722
0.9922662963885636
0.999935445259428
0.9999099859341964
0.9998788686807851
0.9993585523460378
0.9999803589812026
0.9999323032223426
0.9989402916641776
0.9999490536237462
0.9942615316457728
0.9998330549268981
0.9681054835603842
0.9995017851668766
0.9999567278750041
0.9999069056553539
0.9989911442737052
0.9986461439688402
0.9999726204683601
0.999956348043291
0.9999223180116444
0.9999236735420798
0.9999760674372046
0.9991652716480207
0.9999790352443448
0.9717190173845368
0.9986977695999754
0.9999209657615377
0.9999655753540885
0.9999667178576189
0.9999169595031342
0.9999682423580499
0.9999528978927186
0.9992589069319279
0.9385000112093494
0.9979025312587131
0.9999815781780557
0.9999493200031433
0.999984831753294
0.9974755566507504
0.9971072275200825
0.9994255633038218
0.9999077281577533
0.9999797002788106
0.9999605229740128
0.9996184796736167
0.9999751827253258
0.9921551002973987
0.999975362472836
0.99993848329626
0.9978732046124698
0.9999767463823435
0.9999549578924303
0.9997384997072475
0.9999769549672142
0.9998721412138654
0.9999336643711259
0.999710842301244
0.9999600700835404
0.9999318040469211
0.9999176076398518
0.9999414980638084
0.9999723033097462
0.9999221705769569
0.9999488203041244
0.9904926719162132
0.9974629550275877
0.9870824718070874
0.9999816611999113
0.9999519056822411
0.999966329854375
0.9999590021688359
0.999125865935723
0.9999707736772774
0.9998744069257053
0.9999870835467167
0.9999753830033168
0.9999740954930783
0.9999692043584021
0.999970795067209
0.9999580375718271
0.9998213617275932
0.9980428537744713
0.9999832447501649
0.9999538188328935
0.9999485455439737
0.9998948796076036
0.9999489061135216
0.9999675161990165
0.9999576370873879
0.9999711770965272
0.9949205741377728
0.9755829425142885
0.9999697413629579
0.9999844009305472
0.9999577114472737
0.99568886591799
0.9960302102231324
0.999967570203191
0.9999688613290064
0.9999342709069892
0.9999668794339113
0.9999736602593753
0.9999381668779497
0.9999750843619044
0.9992882814752345
0.9999577994710667
0.9999510873222952
0.99934488204485
0.999961556685189
0.9960443655182254
0.9998840910433555
0.9999488809199428
0.9999834760238829
0.9994067239547987
0.9978979741118512
0.9999441584835589
0.999536067545197
0.9999552315329165
0.9999597694633738
0.9999306006006028
0.9999022134740585
0.9995408339020011
0.9999702480253695
0.9999677050668093
0.9786200436355397
0.9999727744749884
0.9999733839214846
0.999970513371164
0.9776194872712393
0.9999716827896803
0.9999579431533133
0.9999720166749871
0.9999540543897881
0.9996970986381378
0.9999580362734933
0.9983681194370727
0.9902391072151343
0.9999336642704361
0.9999544711630834
0.9999241595245527
0.9953869411437543
0.9935114026549898
0.9999497126827348
0.9999443049234746
0.99992525848044
0.9995589889332511
0.999992441880278
0.9999475527772068
0.9999824136258108
0.9982964286363495
0.9999781926489982
0.9999722389346521
0.99997909423206
0.9999632603084151
0.9999241311636524
0.9998440367232703
0.9999652585699469
0.9998320460384349
0.9977607233093392
0.9998879946087172
0.9999819661658557
