challenge
0.9744770260593205
0.9871011674659883
0.9879837110526072
0.808757643245735
0.9473437964802214
0.8297409154319627
0.9832135604118931
0.9898444401514336
0.9790928234049234
0.9734872770964533
0.2868092936358431
0.5293810877113297
0.9182527936594492
0.9858082855728967
0.9938652089162613
0.9701723118529025
0.9926198575462797
0.9406376810893848
0.9717529783075953
0.9587442891499971
0.9548903906151804
0.8680372833598153
0.7710836712265605
0.9074394378213142
0.9055409998895118
0.9299782912250539
0.9808403667515184
0.9758497224070322
0.9874325964578596
0.5387472437087362
0.937526178133566
0.9395237331332026
0.9700963773475972
0.8697862249067413
0.9605040451542044
0.5463626261623141
0.9835172609671665
0.8235441590333745
0.9661258279372085
0.19994857268099933
0.9894145722730289
0.9530615437837637
0.05304153413637695
0.9704046713771227
0.9894307176344042
0.46471164423624
0.9103281846978512
0.23884251228642187
0.043524461106259384
0.9886596494803315
0.9845832781283342
0.414651629623354
0.056350944285329475
0.974523153695647
0.8890524281379408
0.38817341301933783
0.9176450010465557
0.9519983331012514
0.8763076788388121
0.9218553613944446
0.7113028557653808
0.9801852308439477
0.3272236145901262
0.9644963224060336
0.6856123986844909
0.5121186972578301
0.21383986379222078
0.5464383842381295
0.9342392510955453
0.9129625643249539
0.5671181760524214
0.34035019227118757
0.7144061846228392
0.9784885566840698
0.8835450302359522
0.11693647312558403
0.926797289091977
0.6747884150984998
0.7208090983939369
0.8188331665834095
0.9774464611301832
0.9883800350659131
0.9466240604148272
0.9163961885470789
0.7215490511159954
0.9218338350769841
0.6600120913262257
0.9866904012915798
0.6056538963073065
0.9052181632702107
0.8260607293586014
0.8673745425549507
0.2075646191105276
0.9520964798488458
0.9290910233631919
0.8926708711177591
0.9181566407748818
0.9869519976244265
0.49379841884256265
0.8869431281265239
0.6245235169845579
0.8589535619378276
0.9851441126404019
0.8410124636769579
0.857487030182043
0.968174733354871
0.9550894569915496
0.9613912279053174
0.746748669857917
0.9453992055166527
0.9290660685991892
0.9912929442078667
0.8671719580124609
0.8110331686672135
0.8067497813745674
0.9763266080907305
0.9580138883655213
0.9933005954624888
0.9816952622426458
0.6784420273642024
0.9713077025490869
0.990792564674898
0.8558171145575476
0.9783332911671504
0.9517322881521366
0.9254092338741686
0.9738742671910569
0.9509540130716708
0.9745872370368481
0.8588589052467545
0.9815928847775551
0.9667933569283397
0.9584412086036175
0.960186098898278
0.4751499373605668
0.9689109230427918
0.9348282194125335
0.7087304736606036
0.9577269106439356
0.9916739848660837
0.8022173723987215
0.9739777739918465
0.8456596175313603
0.9823123298219167
0.9735929325478927
0.9684006361675831
0.9348044602004953
0.9250739125456485
0.6608941309691269
0.9085812544412516
0.9554137543535212
0.8668170310544492
0.9326206604734208
0.7961232233967968
0.8624405270328821
0.7633692701965453
0.5505029394367104
0.8224058387084215
0.9354452169792328
0.8657084762457726
0.9227391107303278
0.9498111683632207
0.9864815660965842
0.6749355593024146
0.8270049761185875
0.9936660147303957
0.8928274680004673
0.36671295118807323
0.9254303850783637
0.95904643398631
0.959558809197295
0.9575376243820645
0.15413094902270433
0.9704748290972861
0.9714671093757267
0.9730851234293753
0.9731178698341978
0.9532026235801503
0.3559595599213377
0.9296998039080107
0.8401656315188734
0.9631260397177825
0.8839579931606865
0.9892014487320148
0.9852586683117655
0.17658313143687396
0.8310106364064099
0.9235860839506563
0.08232043837117918
0.7985437431992584
0.9072823826071493
0.7106245614161103
0.7250587332048632
0.9332928641632795
0.9211218716398019
0.8813107866509537
0.7652306924367903
0.9921800031072758
0.7198432543173051
0.7751887455630764
0.9782807653993992
0.7542376156658945
0.8512352275984462
0.051960278260244644
0.9220101781784591
0.8559054303181834
0.47306746252651694
0.8761257296435971
0.9416980231151557
0.9823843492827765
0.5891033909666582
0.8028748818753284
0.969082931033021
0.8206889936228341
0.6931391840286769
0.8580258262378097
0.719419659050737
0.9184612302608351
0.7225809400087514
0.915304403828565
0.04931907424447641
0.7208676970592072
0.870113406989236
0.9664026586831815
0.04353508279624759
0.6564854261819799
0.7642909218174851
0.8393239508894813
0.9334536017466508
0.9940274171656999
0.927121211103658
0.9736296461586832
0.2339641617840014
0.9756428853634636
0.9130606480317598
0.9700348233604896
0.929130781671764
0.9678647637637935
0.9816982625303423
0.891628890294186
0.846725306016613
0.7965783602976255
0.9603906548615985
0.9492726805681874
0.989275499334206
0.9841224313889378
0.4191224026297944
0.5870893773974287
0.9865540423395773
0.874885185317094
0.27257964527371165
0.972457122766815
0.26063523120536597
0.8942235910865447
0.8489585157009616
0.6181002343946591
0.4055145416708258
0.48787031030437417
0.6547943246056257
0.9130139322891
0.9568002027870575
0.870376129982025
0.877217809465672
0.9154856902047884
0.9507840024951562
0.8726901342465969
0.9683252968957318
0.9321507545294657
0.9827694243388175
0.5604519447201348
0.25201735100267786
0.6628413464951505
0.9487346080166722
0.7680223581484819
0.7237438613700138
0.9408998854438625
0.9048746397751857
0.2835915420472859
0.875645002000349
0.9426292865469329
0.9508537922255581
0.8977995719403966
0.9617013273757727
0.842124279367037
0.8329411959310667
0.870841303286496
0.8416785144713183
0.644494623023005
0.7401393963178386
0.8250315781744607
0.8581848016918955
0.72925734125864
0.9146001007680532
0.9562315924871554
0.8266905648909082
0.9690716366057687
0.9747814641382548
0.9260961216225917
0.9217140897660279
0.8368331534219485
0.5447373496920076
0.6442911792365951
0.8461895330170505
0.8699680697989781
0.8477832467301442
0.6294951273693109
0.8290295769663504
0.9515382328660859
0.41161815042501665
0.9119481127033534
0.7190116813314159
0.8848208782486486
0.8999369806745893
0.07918602859174312
0.952022554989937
0.8262786368544853
0.9222488945091237
0.9599020841709316
0.6591571458737286
0.834184151752902
0.8018327854129675
0.9428449183027405
0.9384244715167404
0.8476380638855046
0.8418487315885286
0.8013010600290819
0.515541190616707
0.9019449603276829
0.18722031245666457
0.8606944371947481
0.8598746222639906
0.9072520586604332
0.37936235345036173
0.762907116187816
0.9525870659917243
0.9300729030330488
0.8778743680197131
0.9025402961514328
0.9180997237457329
0.9510021031885526
0.8535558873584873
0.6115182529371859
0.9887477968723133
0.6566056017112172
0.36243432403715775
0.816299664930882
0.8995539385913875
0.8396942774655615
0.9182431278044674
0.45912794678963514
0.9477829685681781
0.9186265771378427
0.9025262124567393
0.8681679922629363
0.967000697173933
0.9674049373821291
0.9396981192547241
0.6746307985435981
0.4904808466909178
0.9525103345291024
0.9305460878316837
0.9738018864792316
0.9287721703165623
0.8688533230617252
0.720273129174657
0.9523637676620638
0.5567931373081787
0.9250171200266823
0.9754418909655345
0.9820232952814418
0.8455393865903649
0.9896359852444067
0.8086294886603925
0.9794149663026182
0.6563241592506271
0.9265971154028647
0.9636184369282496
0.785182447666073
0.8820607173489634
0.6756672906604975
0.9751753442191728
0.9857161865653603
0.711398619583209
0.9598761546755274
0.706028695833404
0.7640436747591283
0.7634187666352226
0.7996894114175351
0.9319921752188682
0.8591584171937887
0.9307587011084024
0.9411485785015222
0.6268567616675873
0.8242500401670242
0.8723283312735999
0.7991584527900173
0.8700461597704361
0.9332887170955732
0.8382231809315818
0.9517130629798198
0.9322289017240171
0.04624978088139173
0.5596169704947255
0.5783191668937401
0.9575658223104309
0.9421070545955539
0.7637758497362116
0.7433034469977903
0.9128936645632912
0.8834164734563386
0.9215591117067942
0.8610136093822853
0.04255041935569895
0.8465904024710383
0.045828528436980265
0.4224957186035222
0.790290407711238
0.8924610091656241
0.9365683476168105
0.9528906578533518
0.8111167473264168
0.9775289089593061
0.8567976967696552
0.9555180235080488
0.5441995103232637
0.9642898408068942
0.9806209359313643
0.9370750953034004
0.7196207302491728
0.8697518553386182
0.7342624677029496
0.7909706002472677
0.8807967936624858
0.9132878575451117
0.9566155495824554
0.9781131695376879
0.704871713645239
0.8859094653228412
0.044268526561833055
0.7078414531104338
0.674127656334993
0.922655709390787
0.9370322793244996
0.9268945392816355
0.8909366699008341
0.04461251341289853
0.6419865867150486
0.9352311011702725
0.8578472313929292
0.8285890986087514
0.8726968971476577
0.9300333155581875
0.9591393842075275
0.9489994089109913
0.7928264630159626
0.7216811603019488
0.7777302456311201
0.7487299125533323
0.9540416600149357
0.9306781447361431
0.8721295898050634
0.8035273993203353
0.36762350969416646
0.922734933103274
0.8452984452547028
0.9399602894099583
0.9238193355082178
0.8700843982586572
0.7822665135029754
0.661946386063857
0.7644883548775531
0.8052928686797772
0.9844191969757132
0.7934522535752642
0.41065070428110767
0.974999498561079
0.9129169561253897
0.9314198963638022
0.917962313592608
0.7975703545623967
0.23349506475171075
0.13051426531995547
0.5872917866614301
0.9628494125666284
0.9362581954224326
0.7178027144890652
0.04464870046505265
0.9700925532911318
0.9152959122287919
0.4496841231544019
0.5830961797828884
0.9424768029740808
0.9621454972592249
0.7652581589815309
0.9560588452298852
0.9511391125554225
0.8707885451648877
0.7503306083237175
0.9429051271711162
0.9663284284998614
0.833867708476993
0.822307774550206
0.8713481870969959
0.7997311160134688
0.7957579216940428
0.773893321720313
0.5589147316655572
0.9674303002415617
0.9596976414438695
0.8576856606775118
0.8825923151500258
0.7775777144524165
0.7218449589056162
0.8417043990799951
0.9008189954472182
0.5967432496822889
0.8911923813800413
0.8248604074364331
0.7337353394361532
0.8104315078915654
0.817407811490118
0.9219715709839188
0.9351394298052776
0.542561009968237
0.7997311160141427
0.5077900000612926
0.9704005668633133
0.9192353797653313
0.9519383149857364
0.8230207283691152
0.49552707091660875
0.8905002035438332
0.7670988703713815
0.6078931483864163
0.9136443440513965
0.8530448066398386
0.22569987497604854
0.5661361524490786
0.9129320940553991
0.7861966804140049
0.9341518839171256
0.9575537111588313
0.9750147857701886
0.900337620344393
0.044397985929838624
0.81318676206388
0.41844144880657136
0.9193921383343154
0.8184482420423193
0.6220905419598785
0.9383600176728729
0.8072454111866062
0.7679173438998976
0.5879909742362446
0.7811343634706898
0.04461501541251225
0.9402915745083293
0.8880230329225702
0.8829336834358296
0.8827617913001589
0.703591855036221
0.9551136065450033
0.9502339839232677
0.9275229828993203
0.9488419249520766
0.9488442693094883
0.9903151504819381
0.8992615270906327
0.9790437686489054
0.845449963980179
0.8578513743324653
0.046107758316172434
0.5357498516930471
0.34006844864395375
0.9796293568541007
0.3918172410586697
0.6817717342816562
