abstract
0.25033773152755917
0.9837450733568707
0.9820421768357964
0.8983264259385689
0.9740017388909716
0.9897340601591162
0.9982980624161237
0.8044274862663248
0.9380463868423323
0.8711613905012018
0.9724505247197717
0.9691534774939469
0.9729471706743592
0.9825148013760856
0.9849111145833952
0.9976469042862657
0.9435990654036605
0.9560727553364473
0.8574848759771704
0.9453191704365965
0.9740722736950708
0.991903876306268
0.9828667428697858
0.9872753181145624
0.9888681907301025
0.8747271790082589
0.9964459369266447
0.9371553782751545
0.9684949104889866
0.9723227696760505
0.9688864197852781
0.9608988463176072
0.8090771844483521
0.9772427804515441
0.8979998583644188
0.9780527686453884
0.9907414819622369
0.9955878903439904
0.911827522349281
0.8642047050668396
0.9100597144492404
0.9501630763130212
0.9938077450016738
0.9764149545042793
0.9426544539223299
0.9616678923007863
0.9831288802196635
0.9939116043974792
0.9798745165870921
0.9303456722096971
0.9743382995697648
0.8674399564711013
0.9998728291442669
0.9771652304572732
0.9759035629291245
0.7837089665665341
0.9826689461779307
0.9596795948912784
0.9806001978701135
0.6482361135811577
0.9296842042208173
0.8704795347584814
0.9794156375243398
0.567167547763602
0.7113315803773894
0.9495041093029586
0.9932339334478907
0.9783657544879676
0.49686381117423933
0.9879264494827396
0.9747859292478601
0.9983908335652617
0.9782745146179479
0.9819713029119137
0.9953153306814378
0.9649809981746329
0.9804390199931903
0.9894722681825662
0.9842179543201732
0.04893841577193492
0.8853443244260008
0.9945863413629723
0.9743215530693
0.9870618645942365
0.9332225532478478
0.5379687699060263
0.20985698335249545
0.9694090096599053
0.9808328363311863
0.9693463054724835
0.9836620713554053
0.15663408074453716
0.8823466298850974
0.9996453661850476
0.985760259633048
0.4248217182265103
0.9441666612831019
0.9706712163572093
0.9658575099292486
0.9489046455185323
0.9704061549695671
0.976026555923938
0.9807419832274218
0.9780449339532282
0.9426909058168699
0.9779413183605882
0.1467401194155136
0.9903726802002631
0.9124889691062601
0.6518430875452337
0.9915788433344646
0.22282800446893097
0.9879941416849044
0.9854555007355182
0.9795776822206016
0.8960815541719008
0.6401950338481572
0.45728826157790836
0.8738191105541773
0.9822859937472922
0.9729034105989186
0.9907676567984407
0.6125484975228843
0.3275039520517579
0.9823451137992776
0.9680644141999621
0.18489815346546454
0.9539558561221585
0.932145962631442
0.9166133269312338
0.9898725340154254
0.6679891552860925
0.9930080643478439
0.9831090504890598
0.9078124160102092
0.9646021531101597
0.335013534813592
0.9256135144103667
0.7540122287564835
0.21276360133847605
0.6920487020238103
0.8847806335931493
0.9770549993332668
0.9868856871885328
0.9752758624107039
0.9959504666787508
0.5214597550231396
0.9216828712300607
0.9222618436700817
0.5156411390144275
0.9685140796526623
0.6997833526972592
0.9724034710940384
0.7621530288295123
0.9667992648701899
0.9999996747941493
0.995516505215472
0.6184616371545698
0.9779256463086403
0.9861132452824392
0.9998890927421928
0.8504961857588731
0.9773313756519433
0.9579894560029685
0.9805581287696672
0.981806591947665
0.9940432643185496
0.8422877356477658
0.9922935556922998
0.9752519420741698
0.9957793094904488
0.9847038633847602
0.7990173489190403
0.9798832290083588
0.7934355812824978
0.9879777420632697
0.22655697659242463
0.7137543925000662
0.9850222815956018
0.9880905486585975
0.2796239296015401
0.9889664799390911
0.9385055571574599
0.9839907138159107
0.9179146585785889
0.9146860194322777
0.5191229092174435
0.9830161726438055
0.9869631541853898
0.930036453882868
0.9998475614261284
0.5150570473949644
0.6212298707677961
0.7446478379360927
0.9646312346948339
0.9705837320417027
0.9118983380743348
0.7345814801590648
0.750132674967926
0.9864972982200141
0.9523218607166205
0.877661058573758
0.1726274621940982
0.9834947364620775
0.6203280971041375
0.9750040692814489
0.986064358690699
0.9514365952780754
0.6900613673486123
0.4308318971514394
0.974632550199067
0.9970117673603781
0.9786395024885194
0.9982117518525394
0.9750932551514365
0.8792904878792661
0.5795605140077003
0.9461056060045603
0.9980898161740304
0.9821468052331636
0.8678261657309226
0.9478664283203183
0.9216353223005885
0.6356891348762581
0.15626691410328492
0.9705025646886679
0.900916438760074
0.9955703424332581
0.16646286769518087
0.9901243083286292
0.9845434649922763
0.997727367376737
0.98090787814633
0.989645572516573
0.8142643461874982
0.9721177661094706
0.537030099335952
0.9945954093772749
0.8875385885244353
0.9620931841042459
0.9719367488253347
0.9844864985245712
0.9749938316698821
0.9791534640980335
0.9954602300292654
0.9630670147637571
0.22187228798994815
0.9970656666111052
0.7399018271848495
0.9758725598078891
0.9834239056385656
0.9835410187086541
0.970387179028396
0.866943253396498
0.9555519113460272
0.9973783160998335
0.9825213112625414
0.7940408492578562
0.9665620622809726
0.9648020555998755
0.9948945383488823
0.7669573843910416
0.9949139634307385
0.9940332060355291
0.9790158542967514
0.9684923460271185
0.5967286377122518
0.9727026604156196
0.9963801678533974
0.7957908605415548
0.9939116043974884
0.9836340990988619
0.9577525820872568
0.9947449972016196
0.9785776794401457
0.7978300480972437
0.992488845837691
0.9694156785653824
0.9782787071522306
0.9760322140391874
0.9955878903446505
0.27448799100889765
0.761108650897791
0.9718484837439623
0.9964421632162934
0.7285313134106106
0.8895606076545075
0.8775783711075181
0.933624321789834
0.6888824083003426
0.9992350993752116
0.9980823874333344
0.74644453283399
0.9452579814654037
0.8708123478087882
0.9990741867144884
0.9797078462914892
0.9942128801698358
0.9603768576663305
0.9906298127351875
0.7324235177845996
0.9841557327231346
0.9820954682514638
0.9179110280816587
0.981985211025533
0.9581802549573583
0.5178377193988662
0.9162199117836388
0.9806661944557536
0.9884295977099177
0.6354801357720243
0.9829600712643762
0.9990117701935072
0.979470895890394
0.9828140095960605
0.8853612009065991
0.7345389646577299
0.9892068418240505
0.9637418293719607
0.9982424458664722
0.9913626131880813
0.7777731670446744
0.9621110234456011
0.9614985393927338
0.940168663178356
0.875440427394655
0.9724004034222227
0.999449116819633
0.9797820125979837
0.9970775187971267
0.8852031986011166
0.7683571631692342
0.9335843579687453
0.7443936536775345
0.865833225727422
0.9541499519321065
0.8999438227501854
0.837318795442414
0.9318606597150115
0.9701059765715039
0.9948187632561257
0.7198257269367465
0.9531006607938227
0.9644851248801206
0.9780852464118328
0.9558386297423783
0.9810021212133005
0.989264793104288
0.983922836667839
0.9825413034964371
0.2259417798495753
0.9880120905415988
0.7487633277184859
0.9848564869954685
0.9698561172057839
0.9011102392217502
0.9892192456961874
0.9768276431862428
0.7858560569968264
0.959765622746338
0.9990415204429994
0.8769875203379243
0.9872445378269274
0.8905210593040689
0.8541109205865627
0.9824060892801169
0.8251627288337805
0.9879736567806217
0.5321156967242602
0.8753594232968442
0.9955457992446524
0.9865749064049703
0.7657536237737602
0.7609752790340757
0.9972770404130481
0.946604421350704
0.9967863244306882
0.9819583548421033
0.9906979757156612
0.9990741867144884
0.9756853591389665
0.7309570414312495
0.8785820187545261
0.9700113377530365
0.9795182018932146
0.6397224271383012
0.9406979623279195
0.9753638735359473
0.9861751118218588
0.8207818169777203
0.9699873480022546
0.9742905445649025
0.781788788688322
0.9976469042862156
0.9577810225250559
0.9593286807344179
0.6421075811693358
0.971322554499587
0.977071707450378
0.9963602741120668
0.9885488334430256
0.9002474462311519
0.9175738058051478
0.9760033961616015
0.9805523195590861
0.8107140586577855
0.9702147255941723
0.9807470095524506
0.9860179528963868
0.9292933092392567
0.9802993397053448
0.9971720587056149
1.0
0.9818695209513257
0.9986678901445605
0.9145970515522333
0.9959897900158563
0.9857824981634379
0.976356149677159
0.9781041460356195
0.8508255106222301
0.9956333792487528
0.9816908721812654
0.988550254097814
0.10620642869019012
0.7390579959782941
0.990715798148464
0.980340003066484
0.9942274701848196
0.9839476238530006
0.9871003703776461
0.8618157992404686
0.9846021099637886
0.8230886155960618
0.9914693120212585
0.844896409785792
0.9498430684137581
0.8903776548363372
0.8165099752573974
0.8782292668089273
0.9809447735734231
0.8456152566676924
0.9032819220318188
0.7962173581113839
0.9976678481417601
0.9875678609177855
0.87616178734929
0.9874819281850995
0.9852078329027952
0.8452763030467195
0.7821666595736633
0.8625820608106262
0.8604320358840439
0.9733283027890325
0.9759519130064873
0.9964969209071666
0.993182998497144
0.9447299066883752
0.9825400825737899
0.9755351811060393
0.9959066844216882
0.9989270916535106
0.9999999958061578
0.8928596928434916
0.9889903403500145
0.923264620676086
0.994394680415059
0.9804696434595804
0.7592299037408201
0.9819584587863287
0.8939208283427569
0.9267286393929465
0.9924670651327738
0.9767353514265198
0.9389269048566907
1.0
0.15253260263721632
0.9990194895745073
0.9804963602641877
0.9788269326758198
0.9687783575624282
0.9488797343630316
0.7112990523979352
0.9634286806260732
0.9343117184556271
0.9718325306780474
0.9816243093650331
0.9206065191256135
0.9807117112431345
0.9798744795720636
0.9809822803214729
0.9857901122304826
0.9963723733577057
0.9181867783017652
0.9809394656081719
0.6798338497457527
0.9739111548886474
0.9809681161008281
0.9954649938867204
0.9762968498707751
0.9627393732380031
0.9788271377260918
0.989655748153272
0.989959921166397
0.9752715108921486
0.7524668713720454
0.9608811650582727
0.9689236813020429
0.997226577559685
0.9854480962904855
0.9828335788775511
0.9759018802227255
0.9859348713559711
0.9839612786740063
0.9774815919800726
0.9999043858325493
0.9941495307771978
0.9275128548293254
0.9429610609889395
0.9960340567330352
0.7829850336281999
0.9776185805385808
0.915694024168522
0.987054714788725
0.9775600494569875
0.8915101328138197
0.8692785951818891
0.9990312322813719
0.9774466356695636
0.9642761667049856
0.9599164667169373
0.9885057373829114
0.7979260741785426
0.9782541620075087
0.9886876275330336
0.8692556562422319
0.9233617653624343
0.8726352268294295
0.9679298533944152
0.8926341001035482
0.9662192516785723
0.9812136161127608
0.5614773772731987
0.5705498957078169
0.6105512221182384
0.9841069011258371
0.648449383280246
0.9842794860724587
0.8238710099637666
0.9668533335792857
0.7919519118446743
1.0
0.9729170335769525
0.9959993515041874
0.8806650956830729
0.9780746769271099
0.9903430765673202
0.9871729137237659
0.906349057717326
0.7262212763556156
0.9988851516840705
0.38329131049115633
0.9527674620567118
0.9982493426301681
0.9741861232973138
0.9899186539716571
0.8755275855247685
0.8758783925494915
0.9739520381460498
0.8076065762969308
0.9967770736508512
0.9641642865097845
0.9895740840750281
0.7736617316176554
0.937394578705927
0.9922410129385275
0.9607298310896842
0.9286299165350436
0.9940432643185265
0.9851662982344579
0.9832209812966864
0.9840946542190162
0.9999688524984726
0.9827005180999258
0.9989713788925711
0.9529031352173954
0.9986408682510943
0.9745549186142469
0.9871968368621042
0.9787931043875235
0.9353630747052611
1.0
0.8913639606449776
0.9930932473964007
0.9839657435861552
0.9688174570303176
0.9807922744912826
0.9822319996822135
0.9990721863136804
0.9688449640921016
0.8369591088908727
0.994492193342715
0.9836217387945702
0.9751915929441166
0.9759258437550143
0.6481330646966716
0.9819407008018542
0.9483290102094801
0.8549252086693142
0.9423223107392523
0.9638407151362088
0.9749168495705086
0.7670238688709071
1.0
0.967461357780163
0.8743272236733827
0.9774077747299513
0.9775289089592947
0.984602925861222
0.925140440751357
1.0
0.8149464303153194
0.9099544234795419
0.9837332268368982
0.9502934681764602
0.9811696902776842
0.9741027364287683
0.9381661712525287
0.7616836694559965
0.979010181860755
0.9289303368316147
0.9719765403864923
0.9305808591477146
0.9983429093143479
0.97602638320873
0.9773934216608765
0.9629211163337491
0.7715420193619187
0.9692405229180163
0.9016708555594489
0.9894388792909056
0.9656339630968875
0.9912368564455358
0.984999459724924
0.9459227512292894
0.9351422300270255
0.9662908877794519
0.8928984825802295
0.9735143583760708
0.9854656750936959
0.9874928410891896
0.9821861429287403
0.9797773999621713
0.9847858499101287
0.9421686654407062
0.9856547031341061
0.9755084917954182
0.7213020108954735
0.9702013705280447
0.9679720768199293
0.7988775883714146
0.9755283715367516
0.8878292089719486
0.9812619090031145
0.7231545090169825
0.9127939122576091
0.9871892360403969
0.9000627854365255
0.9825951892666035
0.9700961348347054
0.971244428935275
0.9825381684125969
0.9824442916003608
0.9379087848503733
0.9692239007246429
0.9408940568677107
0.9758441014304647
0.9725380462249961
0.9867009600163416
0.8629484331328509
0.9029967640765767
0.8735058166683812
0.9421854705746275
0.9779210946664884
0.9805264893200073
0.9822698334827198
0.9085676436912131
0.9749206328719474
0.9617861522115868
0.9795659374239856
0.8184708284337505
1.0
0.8522631550105894
0.974490884848753
0.892845754398997
0.766807184554172
0.888628954865788
0.9900625502823293
0.989048383184926
0.7893739241258683
0.8902527046829671
0.9840608281415545
0.5310278849336169
0.9839833294920689
0.9902218407995889
0.9776460582554845
0.9884937388902391
0.9672570304997092
0.9753166003641885
0.9848574506898228
0.9860006217763597
0.9821263552939261
0.9863731879258202
0.9840302863013137
0.9778615651129747
0.9794658196519599
0.9753461584143784
0.9162333897333794
0.985658527539137
0.9325305393065371
0.9678180406573322
0.9805721863228132
0.7058332513509636
0.9852215249433518
0.9834266075281817
0.9469238458417116
0.9911410146606338
0.856981965079181
0.9771305637766177
0.9889683913565358
0.9791387450278971
0.9502616431489501
0.9596450103140577
0.9772500535509876
0.9868006237280974
0.8999736008128586
0.9787606095451002
0.9830369041944937
0.8327851490604188
0.9788734012482646
0.9011712637162846
0.9752295362308782
0.6503494328703833
0.9763420600364187
0.612399426654403
0.9744402732148418
0.9719496332912924
0.9833934488963726
0.9805494219531565
0.9513177647356197
0.9186774613431149
0.9780530943508144
0.981984577528733
0.8811698262865565
0.9771949775813353
0.9605215099436559
0.9859590583514178
0.9504254716221928
0.9558705821556086
0.9844627520304687
0.9904008833591667
0.9905828593554806
0.9850225029568719
0.9766499200556688
0.8676306771864474
0.9850499700622296
0.9873868045809351
0.9806973724119503
0.980056111487333
0.9871638282697663
0.9777567323976986
0.7856069547007992
0.9772825896769366
0.9773484849959615
0.9852323230706136
0.9809378032464112
0.8069135029805785
0.9827323975970832
0.7514203690143978
0.8023516889829444
0.9683905881232887
0.978988292815479
0.970106674737441
0.9857419067565191
0.917359031187655
0.9840722671205537
0.7414741969197892
0.8427561551402787
0.977222775730684
0.9900546127101266
0.8400293613474691
0.974857285937817
0.988171987420439
0.9761876663103823
0.6848804767422153
0.9726053924548448
0.9782470250643576
0.9803209540789373
0.9518562185122005
0.9732236061850703
0.7032262974987993
0.9666046257874339
0.9827310595325279
0.9734870214187497
0.9886298384761629
0.9850226572356295
0.9774019394208425
0.9617545423953501
0.7177835748592969
0.9528171848555942
0.8273319444231461
0.9833281219042709
0.9794061155853129
0.9829275536071739
0.5194847135291129
0.9812006791493127
0.9818659780479962
0.6927288543852712
0.9423096570188356
0.9716771223585993
0.9739138851578164
0.9799756397720808
0.9888451900434101
0.9777951302690496
0.9856876501878592
0.8143089124174911
0.9866002722732066
0.9734643284114196
0.9656118645181757
0.9780574535967943
0.9647949591793713
0.41154496914174765
0.9856841409563517
0.9705113998348911
0.9698163280476668
0.9750581776387917
0.9320508273613622
0.9394397958945183
0.9636901962512798
0.9228591085472241
0.9759079368054091
0.9819733621962893
0.979434755076774
0.9371831256118741
0.8973122682241393
0.9780765858611102
0.9771670943768874
0.9628494125666284
0.9815773389924393
0.9868422299832526
0.9716526411737844
0.9711575241279113
0.9741204083748086
0.9818947103269048
0.9864509265314935
0.9413385557019807
0.9768648183036625
0.9847473351413766
0.9652121013111765
0.969188934498542
0.9877902813778735
0.969829986721473
0.9824595799435027
0.9585116759340947
0.9363072770500438
0.4753702372242584
0.9764389405479322
0.9671178248815588
0.7820198670504006
0.9581825143715553
0.9695162620387715
0.9726938018152157
0.9874529895846662
0.9823570259423251
0.985430069657736
0.9810164883862996
0.9802761232982675
0.9844293940332123
0.8717662839187763
0.781779603343831
0.9768011143338919
0.9665901238330198
0.982198738418333
0.9658300040639592
0.9737109311407905
0.9837268153073984
0.9637690784334443
0.9881550426937697
0.9501086364049978
0.9758342155653279
0.988250095948477
0.9756743624241238
0.6938172092536489
0.9705303154879472
0.9796585996003264
0.9808557868989279
0.9881212035967935
0.9758356594172932
0.9845710620979975
0.9744747416286721
0.9754783305284506
0.9783435136162317
0.9786338029228361
0.9858646657123322
0.979431885134337
0.9900433995021224
0.8529325850201314
0.8727595647384063
0.9721455611398435
0.9462036447985622
0.9871963743409053
0.9381678342978375
0.9147184520065149
0.9566758741784257
0.9837702148236742
0.9742996827481095
0.9810502162932542
0.9832990971762203
0.9375571449958415
0.9276588449886363
0.9840392509101478
0.9070510484946833
0.9704113914766012
0.970838140336101
0.9679470234193869
0.907341980325822
0.9820014156954479
0.9790446550962569
0.9768697852766759
0.9832338592504045
0.9783856421752711
0.9789053279001965
0.9999999999999998
0.9777359786759112
0.9619116340979641
0.9600080719659905
0.9786788577394863
0.9720252439676521
0.9735991460720864
0.9999999999999994
0.7623229796693171
0.9783665221411001
0.9880118802156096
0.9843694243698888
0.9826503710367331
0.9769927306821599
0.9018331752430059
0.9944899938845613
0.626822015265424
0.9812846547267361
0.9868492034387708
0.9853975193346559
0.8160955152545789
0.9705113998388721
0.9817420935301436
0.8108638290278026
0.8184047602638502
0.7397019816058371
0.9861119751078748
0.9785413244372962
