futureWork
0.9674491843202606
0.9698084721747571
0.9714191561819993
0.9311610250820465
0.9461419670969776
0.9927981127489793
0.915085168172521
0.7787406741334094
0.9339123642372021
0.9217476533021008
0.9274500151926065
0.943484115392307
0.985005186542696
0.9642104381662074
0.9703569648265136
0.9471253095012097
0.8904431159438637
0.9948100114915035
0.9471895577413175
0.9607206892807794
0.6059552941095414
0.97400257559479
0.9842583507275889
0.8387808515434592
0.5692569812900476
0.9650381843817528
0.9475362719429223
0.9821420543796553
0.8867739319234224
0.903215267675451
0.9725797312053817
0.9166886099293184
0.9070231032404503
0.8019327108842235
0.9831039949882745
0.931017891117444
0.7262742134475036
0.24144676530214879
0.23958434554577332
0.1417055224429388
0.8182310421100504
0.8983316683588575
0.9630549287524631
0.9156534611503311
0.9720681874303002
0.621996702073894
0.3954446541578475
0.6600191921051296
0.9083096032906544
0.056323308718513515
0.9821524331836157
0.37624244034022963
0.9395435896512933
0.9364842486804005
0.932335961671762
0.887489896571679
0.9392424223611497
0.5984168992290869
0.5146862763340756
0.9789154815284619
0.9519604506632015
0.9271777071706415
0.9592953519070485
0.9041228900545734
0.9785017067818733
0.7970847972399016
0.8338605822001415
0.9018469100309654
0.9441036758384762
0.8851942487880776
0.5604324783158061
0.9155050989045386
0.8829966069310443
0.8798600748049854
0.9354041766538348
0.8644904738334757
0.894490847966351
0.9472237692839377
0.4644633409050544
0.8887306362880453
0.8759818999092733
0.9445717792054593
0.9789909836262842
0.9790391214464053
0.8655179352313028
0.6510691859580583
0.8595854889160014
0.8718219703061174
0.123674435003327
0.952345084902271
0.8789410520941247
0.9459756276005943
0.9875925669989363
0.8960631664278006
0.9503357769581494
0.9846394941523763
0.9209758713183688
0.8251353661737745
0.8913745624097514
0.8870240726686656
0.5133289924922947
0.8570830331573044
0.9519927696151046
0.8579438513274829
0.9269609592153918
0.9491784294511351
0.7244671117002494
0.7818824547562225
0.94385952248535
0.7843886582132746
0.8377121919609488
0.8661926213534262
0.2589422901236022
0.3703165826798135
0.7979045293597863
0.9825247356930596
0.9730754558228734
0.7966741949089131
0.9265118847935484
0.8971606505465803
0.5083394160817801
0.044478269879377606
0.9117112775286543
0.9641057254913811
0.7390016841140674
0.9800521795938971
0.5450562473847863
0.5451100705253757
0.36982515888882095
0.9510007960436329
0.04450831940584094
0.04426257340397387
0.9324336895939909
0.3334484693086321
0.9296881852939655
0.4539695061150576
0.8412993402032724
0.28862489511372835
0.9419611820441257
0.8463967002868815
0.6545583228774295
0.04427789855131872
0.5941101438246186
0.8570183211821017
0.6166629007680383
0.8028359046757927
0.2792481920375058
0.04289348944124727
0.043345892374023004
0.893267593688306
0.26502759976990947
0.9844522515712232
0.25906193085996243
0.937261220414571
0.9798917173378828
0.950880902806135
0.9390014917917636
0.47609087884312495
0.045042064636561255
0.7960865002140409
0.9016913026866071
0.3483125993787316
0.2623200276556195
0.18910262678794543
0.6268567616675859
0.9489827116734955
0.05217170291617348
0.6211284379503865
0.3058489767885187
0.7977454131601776
0.7968334991889476
0.9434587442755714
0.6197509979847832
0.5472766134722069
0.8160915453310627
0.8425134372827691
0.8886593707864997
0.767877609975782
0.9483866015450364
0.8010693996944362
0.06525032559017087
0.15888739894579978
0.864001296927508
0.5305662941321756
0.9077252821848654
0.20982600827444484
0.4738845506841802
0.9345707706656997
0.16511285832356126
0.8429126693634686
0.8045961470136073
0.9443691168626681
0.870303994390543
0.9580218555792814
0.9056739931211962
0.5065014372258172
0.34726719577747134
0.6616663681773213
0.9035067283097451
0.045161687297598105
0.9777783156821518
0.8782564220952959
