background
0.8544465087201134
0.9897715341302433
0.32841576677206413
0.9819509471275534
0.9972326313030883
0.9736755206785243
0.9087783968768156
0.2989252390876452
0.9961628609919584
0.9730047179849411
0.9926122560916067
0.9849700634833113
0.9102291558817435
0.9831721286420617
0.9936367650686607
0.9931535159269802
0.9705282650648144
0.9032955395013089
0.989190348272442
0.9968988376901724
0.994112822794484
0.951584965787021
0.1764773478737938
0.9932541539334659
0.8788805308327218
0.9803462751267785
0.9937557569520081
0.944138858666667
0.6872088088507847
0.6175123964285278
0.9159312337045961
0.9958209184379084
0.9616394286201058
0.9903410994990532
0.9688412025440676
0.9923535273521275
0.9928081667854015
0.9444708604815799
0.9955483045409175
0.3669012256331064
0.9587457795912484
0.9794533469932224
0.9908327286695023
0.5180181111959222
0.8095847267526707
0.9931802009531141
0.8916177919287693
0.3926137270074062
0.9952526334751771
0.9981296905508465
0.5807223292869015
0.9949182674407603
0.9144709723996425
0.9968396850774255
0.06170398435275534
0.9641856379608709
0.8129186996858877
0.9903275973333875
0.9817595544268038
0.997387123803114
0.21923712769311848
0.5279590633571563
0.9891207382183095
0.9955180916055926
0.9934641944843973
0.9932921363940636
0.8951836604205468
0.988266327326489
0.13923549060161536
0.9807419832274218
0.9984093958757325
0.997430043850032
0.15271998827194155
0.9883858342587206
0.9857328612922353
0.7757793120436713
0.9458160171336043
0.44640533650462
0.996719529530607
0.9862138688970624
0.6178189788784026
0.6615392938613462
0.6404714513788001
0.5317954587148118
0.9944399226170169
0.9640454833454988
0.4259871997984595
0.7574229540203306
0.9955281057614549
0.994464267868138
0.9930279555666276
0.19756035180605022
0.7246208649435454
0.9314784178210732
0.994534712376214
0.877220976374935
0.32736723855459443
0.963357377104274
0.7284409252653051
0.776332622888068
0.9955428033271095
0.8197388080430372
0.9685093679023064
0.9507045004018033
0.9960243542848942
0.9810990451957851
0.996445006658833
0.9905962999000246
0.43627149394181647
0.24870813751855203
0.9068232467856162
0.9965609265403103
0.9099475561179166
0.8594823794678266
0.8314085709544479
0.9974118626893363
0.8997409055545844
0.8774023601141262
0.07654830511902
0.6197364220925946
0.9901346845390184
0.7908399068909966
0.9960221206776193
0.8766278910905376
0.9945891199416073
0.0581008131725052
0.9953430952546936
0.39056797297478835
0.964439528403837
0.8067020285348627
0.5650823814272548
0.9978820463178397
0.9892808352602608
0.4025177894400081
0.9986281793553852
0.9724700096675477
0.8920687542913683
0.9863723790971257
0.8496688754757861
0.8696767797424205
0.9669925706175153
0.9941803340747624
0.4808580604295448
0.046265668865013994
0.933784034088049
0.9944998890575297
0.08948668313215345
0.9939839060616393
0.8304334473762953
0.9981064795721472
0.9921551443297255
0.9319969243541747
0.45412422750380227
0.9920957343526374
0.756982860080493
0.7573268562710869
0.8776157385848975
0.9964155363198507
0.050500367712860705
0.9907085604415915
0.9969484522757235
0.06253068017582619
0.811764971256461
0.9660353639588068
0.35673743246545137
0.88742017739678
0.9986360141462001
0.9944465882290704
0.8836126856558029
0.9963922155150943
0.9576350168861043
0.7697249673375867
0.9886157030723669
0.9631433789108134
0.6655277873433283
0.9976966262848569
0.7454989689401597
0.5663010669823918
0.9955338160516497
0.8133362166725159
0.6331023768332705
0.9092862593840647
0.9891037911521131
0.7437108393734364
0.9180191911309273
0.5202189934949231
0.2551045955843587
0.9101389093044462
0.8284670399378431
0.3189158836195241
0.9730135600229316
0.9890097623727627
0.9926845681636987
0.9830358592368488
0.9972833494186718
0.8777972790802977
0.12348352536570611
0.21475858306598775
0.9771543273613182
0.3406937776974858
0.7019353671988598
0.9949024720058987
0.9340874499332961
0.9632594167373174
0.1232401988881553
0.9101748225756515
0.05119107605819151
0.9961712453766327
0.37092707876620584
0.11854623084463072
0.8797578297317201
0.9944235308763272
0.9826016214565417
0.15088480487571412
0.9691332300158606
0.9959024454780243
0.4247398771621518
0.9949478066469585
0.7656718669117999
0.9971725915730711
0.04744911601584707
0.9946392192964779
0.5784485851435323
0.30696878090306595
0.8999474078990164
0.19205409989241784
0.997678908120496
0.694645756295112
0.9314674406040501
0.921089104284111
0.9974172787157237
0.9950542388496018
0.33246044107173484
0.9027854681604779
0.9312599812600285
0.9476933730883454
0.818361549942911
0.9568967116806161
0.9948330060773943
0.9726045840068093
0.8823671587021833
0.9821413055144218
0.9709544825241404
0.9868933190381312
0.9937773340447595
0.49173738519257437
0.5639844441717253
0.9959366026554661
0.9829592813946928
0.9825177889001336
0.625752342843189
0.046900506498390795
0.9963219997445599
0.9808405632243338
0.1403718791156608
0.9876796483560749
0.8974495840706149
0.9892100343494267
0.9327229559264418
0.7973759689410923
0.9896347895366158
0.9879050700482641
0.9962216615047546
0.9954433200032349
0.301280176446605
0.9705074774135788
0.8688628208365513
0.9224699210300137
0.954172087209511
0.9940370644429046
0.9954534694054765
0.9938919968401249
0.9903649821142242
0.9965187213811719
0.10076110881161783
0.9938413869835604
0.518014291529815
0.9889521679968685
0.993368616528079
0.10853438292848416
0.9957735074903249
0.9609658210530556
0.9773251379959499
0.9865954463123668
0.4644858703933083
0.8729524101938148
0.37164655939608165
0.9914820441361217
0.6459367637697733
0.9900729662618806
0.9826211804021604
0.996123961949189
0.9337781243524237
0.915254470581447
0.11433426145549773
0.9120215429144128
0.8637062902536475
0.9928619611777837
0.9956259197530706
0.7886138707375842
0.5291222405026467
0.9103716550064098
0.8953881672339703
0.8826011289798715
0.8746686407552748
0.5710325274470246
0.9983363032017043
0.984919042850027
0.7340210279598638
0.9548877994617803
0.9923037229548108
0.9976891293842086
0.9931570755028513
0.996617643951408
0.8653387457609387
0.9778187442043108
0.8759554458558453
0.9463017880467522
0.98883631679238
0.9667709083078787
0.4866178193526497
0.9927242082837632
0.9357826748743548
0.9917385549980048
0.9901977687672479
0.9956200871293523
0.9920103622793734
0.987099234364209
0.9922740183626401
0.9928920010749633
0.9724956420742247
0.9636974864396664
0.987989923392241
0.9973575857587375
0.11226551733616652
0.6870161947039415
0.9848228968258926
0.9460851326237943
0.9970441365211403
0.1688084935945891
0.9115330431224531
0.874709901785575
0.9930507677939004
0.998544254416873
0.9019365391699392
0.9937621748210708
0.9967542577340698
0.9836337046807918
0.9974355585784994
0.994996690846353
0.9881535010394528
0.9242315885067026
0.9938642987449219
0.7834596611326153
0.9938696418125387
0.644291663077151
0.9935033451500859
0.9937147494108376
0.9924496792978132
0.9952456834514699
0.9785458122381292
0.9975945476492186
0.9195223940041323
0.9895784395648931
0.886086108893583
0.7656651169618278
0.9975313102096636
0.9965421255192997
0.9924797916606725
0.972572423974108
0.9817213644632836
0.9916826916488326
0.9948004780628682
0.9343446344388153
0.954964258243663
0.9302290052244645
0.9799910166802165
0.5213169740366298
0.995369708116826
0.9814870936663445
0.5132154437235226
0.9399749645695304
0.8886434418950608
0.9596977284667153
0.9631691470639898
0.9601086235787369
0.9893722492125707
0.9976024674922146
0.8887973700999089
0.9857974691006413
0.9936699845633529
0.928608350730906
0.997174229583789
0.9916443381650824
0.9638470526271697
0.9960740162535595
0.6787287785318891
0.9694003329889099
0.9858651720436677
0.956546920848075
0.9887736024744752
0.9910137232360627
0.6175209237487793
0.6391807591412767
0.8593356836805007
0.9630347777671844
0.9962961644217776
0.9842510568702394
0.9448891594314266
0.7826838282273658
0.6490170341470631
0.9950834959556153
0.9940697950291213
0.9948526575883849
0.9949139700602894
0.9816155842609267
0.9486429226195933
0.9173036168909685
0.9860785388807252
0.9907698368898743
0.9884162637408952
0.9893248981134976
0.9507174163446694
0.9355719934071981
0.9978795677853182
0.9321540937998845
0.9857817264654513
0.9906551360705012
0.9899815894948504
0.9953413524961907
0.8457123454167266
0.9345824532924127
0.8568473452507254
0.9848152192131163
0.9602726092051999
0.9236915538298569
0.4864365672465216
0.997133675222081
0.8643949339997188
0.996435758642301
0.9084653819961973
0.9905955766272432
0.9988331401790796
0.7930862963366263
0.9914921316710603
0.9862714450134417
0.8562163936125686
0.9155429465391954
0.9834401192953469
0.9908697763643427
0.6241005255773735
0.9897571688535577
0.9959207952573101
0.9569981409416332
0.9673580342900021
0.8786662956376463
0.9623430039566053
0.8693531746992427
0.9319773012330227
0.9907938263271133
0.9703220285768417
0.991287048992936
0.9891547330221636
0.9720782919915408
0.45833274688458614
0.9977625959728503
0.8940209496157209
0.9830459728289392
0.9940977417135684
0.992272751626588
0.9124257175516765
0.8365739219391763
0.9946207151586112
0.9859458000795345
0.9970257652148419
0.9985583959274832
0.9699531480878032
0.9926918935477366
0.9046983471898775
0.995858783212605
0.9939182829491431
0.9941549879375282
0.9564915743004884
0.9259572206308746
0.8253304853872508
0.9842223809263542
0.9942358482829239
0.9853287056372366
0.3736544704952317
0.9923086884846529
0.9819940627256221
0.995185556645467
0.9729084142117697
0.9973269700537494
0.9942490259063719
0.8387378726986141
0.9968654449446863
0.9940917910206805
0.9413165404250385
0.9797381996068868
0.9841254470023173
0.9909939828420365
0.982927963056125
0.998333023597693
0.9063698000615955
0.8714426512418317
0.9473624811056891
0.9825318468090243
0.8648491722748562
0.9928879523698687
0.9912850621726705
0.9918017059002291
0.969094656719723
0.9844248829335744
0.9976790072801076
0.9591555311481781
0.9095589960185784
0.881057555211925
0.9940290041032062
0.944006129428157
0.9943784854310246
0.792183200149378
0.9776708648312525
0.9898321906274014
0.9486822993132145
0.9962254997546465
0.9969423331002636
0.993317671922317
0.9977858414620862
0.9961021694001182
0.9912126649821317
0.9936034496344784
0.9966179351907998
0.9977803926069658
0.8791704697961022
0.9946945893503664
0.9958369851095054
0.979251937172116
0.9970136212481091
0.9958172676176786
0.9962894187061783
0.994057413669947
0.7702077957172365
0.9774305457741329
0.9968920592548973
0.9877425830498319
0.9202027676470718
0.987802306677405
0.996044157267554
0.9005501133961443
0.992355228618099
0.9904593902590765
0.9673520443540915
0.9226403882059437
0.9888700075627475
0.9918183439565762
0.9719103995709257
0.9932679802854848
0.9062555990650794
0.9674855406782471
0.9132325101638195
0.9931586256688395
0.9710517971801793
0.9499072517670455
0.9829614192050586
0.9941524857158265
0.995712371292661
0.6869819502469264
0.6168327079714208
0.998748205587395
0.9934217339465241
0.9941913450887314
0.9789907767940663
0.9942045895163975
0.8865400765237775
0.9926392517623267
0.9890395555181405
0.9570205890747374
0.992299394370006
0.9886939682471858
0.9884383419773645
0.9955105065209857
0.8453453654263656
0.9649722429022487
0.9975769993408569
0.817023778707225
0.9458533711900153
0.9095827563094425
0.9821655583150416
0.9779878457564893
0.9957778198240572
0.9891678789960134
0.9892120763036284
0.9965208435339189
0.8675312763133864
0.9947548121619731
0.9930900636021447
0.9786047415151248
0.9955665679197645
0.9885780744811196
0.8964869546074727
0.9138664281232709
0.9893941182627285
0.7706342339837637
0.8060875838196669
0.8537603932378485
0.9912417152230398
0.8303956364668658
0.994871440924768
0.44779868081805413
0.9970979838778362
0.7596696422630801
0.9957125312094032
0.9661462278255022
0.9959483826800871
0.9946569396410972
0.9123925558440636
0.9953443411225256
0.8885420654774385
0.9967584058692255
0.9789067940744813
0.9925260595784394
0.9910262170155907
0.9815041675103084
0.9920791876400357
0.9890455952672746
0.9852893370612317
0.9977309358717769
0.7352483211047879
0.9903136436617496
0.9939134621633472
0.9901964870868116
0.9960913709261624
0.974690808662858
0.9610514417038968
0.8376593743053633
0.7679485638387014
0.9950801193608798
0.9975145065997001
0.9822937936522466
0.9651546051200188
0.7816160861975088
0.9959576261666623
0.9858310058779649
0.9916058650081628
0.9925424836959317
0.9537575837983665
0.9911755339553764
0.9947267032270701
0.9924538880008973
0.986549009210728
0.9929885662319916
0.9940993793215688
0.8459507815002396
0.9924681170708826
0.9943873317002975
0.9852349851322306
0.9453435660648287
0.9967728571200445
0.9949976838608001
0.9943930648079716
0.8048954780638727
0.9929830553280661
0.9887306679459127
0.9813102727464886
0.6089671022521094
0.8900796925593565
0.9879674821084572
0.9926195352128125
0.993566657410402
0.9955458158878625
0.988617183477622
0.9938578690500705
0.9024739115185946
0.9972694187339673
0.9966726101649944
0.9945352287263058
0.9868605773382055
0.9802430076600852
0.9812825984139252
0.8421533817344494
0.9939396956436314
0.9978824742799678
0.948827433445293
0.9955405014831537
0.9878996571422234
0.9961601514807535
0.9914708218543717
0.95531376527518
0.8164063298730385
0.9964878856688383
0.9631017200393922
0.9468075149244262
0.9927442705682158
0.8374203111240138
0.9869242917083404
0.9940439279656306
0.989073519975077
0.9953373169475678
0.9963912701314593
0.9878951172102216
0.7178449783331767
0.9941400851932114
0.9446100676957878
0.9952734143762145
0.9978439265154366
0.9939870843585844
0.9791448850112303
0.9928119216578004
0.9923179778798898
0.995192602022257
0.9944027427693644
0.9371436467182106
0.7274509892695187
0.9814381489846827
0.9649029110141767
0.9933489566529937
0.9259842862507889
0.9833061897521922
0.975675780579438
0.9961837922825947
0.9730205460912815
0.992911242190791
0.99307185310486
0.991658127956798
0.9852044134470879
0.9927964156512836
0.9281695863276569
0.9896085797617024
0.9729244582537516
0.9086233163800982
0.9912715920698058
0.9650069731161953
0.9508731659100645
0.9959449877110564
0.8960935580688845
0.9058681146731197
0.9981710736899507
0.9613484686904107
0.9958568639760406
0.9948976901109936
0.9918188591122505
0.961076921398153
0.983868032994467
0.9775688379274236
0.9959192757302915
0.9895351211823468
0.9921265526512825
0.9240965932277672
0.9801558466339687
0.7909996145121251
0.9842626038025957
0.9777432312122563
0.9771360870199212
0.9948089784270152
0.986861782086209
0.983542258286536
0.9877367143506224
0.9755941350677568
0.9639445492191583
0.9936290474337405
0.9903561872748249
0.9965577971061315
0.9444453210338882
0.9945322721510561
0.9935115375226052
0.9966037212939938
0.9965436984598038
0.9897706557538083
0.9949314537328388
0.9815663328645304
0.9891525711507057
0.9956254774546496
0.7984019819738731
0.9841775640619347
0.9941289999502783
0.9906457867118675
0.9413841851374585
0.989543136813768
0.9971928203010497
0.846440446833438
0.7896892709186267
0.9889141726155887
0.9919700562116315
