abstract
728
1301
1446
763
1124
1300
786
1169
1638
991
546
772
1121
1647
550
1336
621
1703
647
1985
724
1384
769
1013
1209
646
1449
1330
1208
620
1897
1819
1735
1526
1098
1321
1933
627
1220
1093
770
2034
896
1846
1117
694
430
1084
1652
1263
2834
689
1849
749
1687
1029
964
1076
1224
864
631
1531
721
933
1319
1039
615
757
1380
732
2242
1606
593
783
587
635
1795
1736
1573
600
1161
1207
965
1760
1604
941
729
2226
1023
1574
1086
1362
1332
980
876
1260
1668
1288
1024
1622
1270
970
618
1052
1174
852
1021
1493
1275
1919
1366
887
1997
1029
654
1370
1953
1535
1245
1570
2183
844
1063
1550
1544
757
1474
734
929
894
1264
452
801
1602
1743
795
667
1651
669
918
1392
1365
1913
1754
707
1336
1306
1372
1519
1455
1207
629
970
1210
1530
492
1375
970
1791
1219
861
1822
1402
1126
799
1204
685
1312
622
1159
1809
1297
843
1871
1845
1824
649
1432
1205
858
1158
1590
1720
654
2059
463
1461
1798
1012
751
1025
633
1682
2437
787
491
786
1523
609
1088
1458
1347
1416
595
1684
1533
1877
1398
1076
1715
595
1635
1302
825
1510
1565
1733
1449
932
2536
813
2007
1294
703
610
1684
2215
1655
991
1520
1508
521
822
640
1195
1069
714
594
1502
1349
2104
986
869
822
948
1208
1304
660
699
611
1956
1048
774
1186
1031
2783
708
625
1808
640
621
1978
799
706
1159
1061
1578
604
566
1193
1431
628
636
683
967
1488
1475
425
1303
271
1455
717
887
1444
1495
1216
670
832
1306
704
1068
781
929
914
2083
1532
1443
734
1304
1541
1661
1463
487
1883
750
1867
1447
704
609
413
1158
1838
1362
888
1004
679
1038
947
674
1352
2373
1114
1756
643
640
943
728
713
890
885
1758
609
778
1434
1260
504
728
1064
1550
1554
2148
1260
1106
975
605
1244
1177
1272
1665
644
793
1619
1923
1154
1400
739
665
1754
2343
1014
1640
753
880
1801
1352
812
1144
1227
634
697
570
843
991
615
1512
683
1533
1414
1259
1205
2581
827
751
2091
1464
968
1370
1796
1142
1415
1020
1314
605
1006
1523
357
1186
1813
535
969
942
1487
1364
1247
1021
1607
919
883
1591
1116
812
1273
1928
1089
1116
1824
1229
1718
2355
1340
1759
1849
1128
1405
597
1547
2405
460
1477
2359
1377
167
646
609
772
1344
2153
647
1277
3694
1582
1299
1485
642
1763
602
611
772
1673
1321
1829
1282
1323
1421
663
1403
1380
862
1009
639
2142
1724
1081
2465
669
1088
884
904
706
1161
629
1236
720
830
1854
1530
1260
1475
2154
645
1077
1034
2494
541
828
1254
645
1102
956
1253
1044
2321
1792
1394
708
1049
1349
703
1353
1460
579
1853
571
1777
913
1293
1078
334
668
1759
437
1282
449
1269
1138
1098
1279
1481
1145
1736
616
547
1579
1863
1917
1246
895
738
1853
730
583
944
1361
761
607
2136
1834
1671
1409
1471
612
641
1064
1622
1357
634
1551
1380
1481
2115
1527
1137
1998
1335
662
1297
990
941
921
1267
2079
1285
714
750
1283
1279
1140
923
509
392
1670
2042
1463
1452
1530
924
1639
1163
1091
725
1277
1701
875
531
992
1425
2112
1640
1488
1634
1871
1724
1060
1326
974
1004
836
1178
1476
1093
1487
915
2140
952
720
1877
1228
491
1075
1507
768
673
1062
1111
1931
1215
1472
1165
1596
1168
664
689
1698
939
1357
1604
1083
1786
1105
735
592
1404
651
2364
526
908
963
1562
1258
581
1337
1790
1949
636
1553
687
1056
1075
1557
1691
1223
1272
565
1045
967
1704
1488
832
1361
706
803
1318
781
775
1338
745
1502
1637
679
607
1696
1510
1379
1377
1366
1297
1490
1182
1874
626
1240
1357
856
1636
1317
1920
995
1121
1468
1382
1246
969
738
1141
1091
1308
576
1860
1506
1479
1317
1189
1962
2098
1021
1688
899
1285
1297
1363
1152
2549
1425
2076
1150
1047
851
1298
1090
1030
502
1462
641
1376
1316
1495
1280
738
976
1388
2337
1634
1477
708
889
851
939
1757
1624
768
864
1062
724
217
1081
1079
690
1509
778
1958
1815
863
2603
1148
944
789
1561
2037
453
1347
1357
513
1116
456
854
1189
1585
1362
1933
525
2366
1145
1805
753
718
1271
1602
1287
535
954
1141
1395
574
980
2003
1353
1223
1499
736
874
1481
734
3340
1242
2154
1694
1462
643
995
1092
991
736
1535
1457
1505
747
2141
1304
2186
1628
992
1227
1196
1998
1028
1902
1030
669
1581
1295
1048
1017
1767
911
2074
