futureWork
99
80
410
589
116
255
1790
295
153
1468
1938
320
1219
871
226
302
498
368
535
183
336
1946
248
186
823
906
439
85
210
56
214
628
123
345
1054
154
1297
1058
681
615
685
108
454
226
417
338
130
356
552
860
463
459
530
414
1097
545
108
1700
1318
297
207
503
616
2335
217
885
131
1027
390
685
1407
281
794
662
145
654
334
1967
1188
986
703
67
616
88
154
309
447
204
165
256
819
1268
523
1268
309
292
330
1893
195
771
157
909
386
1611
274
1325
319
475
99
2352
159
258
149
140
740
140
444
246
1838
1337
190
324
574
199
441
187
589
407
3076
269
344
1243
2209
597
1533
5437
252
380
1063
557
2400
370
2340
243
1603
212
496
229
889
268
1170
175
486
2063
326
325
233
620
910
840
397
1186
355
435
330
90
170
585
521
4095
