outcome
835
2372
3460
1582
1816
5868
2451
4703
199
7503
12838
1499
3044
147
665
154
8036
1393
8871
2761
4913
7957
2103
3900
1514
5105
1933
3062
65
2445
3026
1030
8368
769
2867
2152
352
1284
385
4349
3209
151
3921
2009
3431
8818
8651
564
2537
179
4442
2540
3223
247
1643
40
1716
2503
991
130
2972
3575
3841
416
3154
4705
4085
1040
3135
154
2146
2387
3361
5302
5820
2574
899
6031
4990
1692
2595
14985
1040
9638
743
4132
6007
1710
7287
3264
2147
1846
1457
1484
2531
3319
3636
1762
77
1422
9938
3521
5319
4630
4355
111
2925
1645
2505
1210
2912
2446
86
3668
955
1934
3809
1904
248
149
2444
109
1652
2706
7079
2236
1559
1919
2511
144
1117
1191
6433
1412
3779
2480
1850
1500
2049
2443
2694
183
6947
7613
4336
7648
7867
3013
1684
7253
317
8741
932
3406
6954
204
2768
3628
2996
2612
2653
1568
8472
6164
1671
3742
1738
1128
6645
4031
6525
174
4070
13808
2616
777
744
785
1951
267
1994
237
4486
2342
172
482
2670
1941
4799
182
155
1116
2940
9520
2614
1811
1275
3320
140
726
3029
473
1709
2156
2563
1626
2820
364
3449
11100
804
1309
424
9057
148
1206
10674
2855
4228
1768
109
1482
2490
7061
1158
6428
4309
3298
1403
2806
34
13425
3129
2470
120
830
1700
23297
2372
140
363
2413
1749
164
2515
1470
2498
1163
236
3648
135
1150
657
112
1779
2828
2901
2377
2911
2741
11182
13470
2503
1667
2137
3750
1116
1322
4402
5522
2406
13951
17266
16098
612
7509
7494
206
127
2437
602
6981
2178
3551
2962
2215
13806
416
9078
2385
1658
7901
7055
5958
3632
5064
598
4442
2973
2987
2586
4238
1387
7389
2669
1058
1301
1173
2975
2229
1573
1551
6782
2764
2613
2910
3766
11324
1379
3670
5176
3159
2172
10981
3642
1292
1569
2086
4521
2339
6147
4373
238
145
3773
2444
890
4694
654
14176
3355
1749
2856
3209
2501
1943
102
1717
195
188
5493
8606
2467
4048
2897
1668
2099
6806
1281
144
7807
1603
583
3698
2693
4969
3390
5062
4467
2121
2295
2320
1851
2824
3526
172
2605
5399
123
3335
3353
5890
1116
4016
2244
1690
1427
11481
1880
6145
4066
3533
3553
294
3617
3171
7481
1368
1200
2116
1734
7123
147
381
21316
5054
3778
1552
9587
3407
4909
2811
177
3361
6018
4221
6391
1465
4805
949
3259
5146
1898
5499
4063
2660
3285
123
14227
6091
2548
714
9522
2943
4631
1337
3576
3599
2617
8331
1271
5275
2639
2802
3337
3750
3861
1118
1117
863
429
1755
4985
3245
6427
487
3826
2361
146
3918
5783
875
723
1906
5006
8919
5523
8078
3636
2074
1036
8824
2206
3819
866
712
2421
1435
187
2040
133
9555
167
6400
1534
1289
236
156
3489
11542
4157
297
370
4300
2513
21815
3064
112
885
10412
4128
1419
1974
1826
60
4918
3048
2280
3296
2696
2668
7247
480
4060
1496
3872
632
4995
1002
11106
4882
271
2970
1757
11127
1860
2689
8987
6095
7018
2740
4295
350
1637
1370
2416
2479
1742
3438
11177
2464
6166
1920
2580
6754
3566
3769
176
2280
3923
433
192
1545
5641
2690
4422
206
338
10715
2508
2009
5721
2807
11492
10549
2905
2065
460
2825
4649
1315
5253
4559
2625
6397
3168
9807
7823
186
2065
1746
2779
4299
2267
11704
3773
3826
5648
3538
2680
11526
3778
1879
5698
2108
3331
9487
5659
1245
1858
5280
4000
2817
13561
932
2457
4739
2385
921
2097
594
2829
5691
1372
2713
2171
91
2520
4616
2046
124
2356
2394
2453
195
1860
2428
7616
4044
2888
318
3777
123
13803
