full-text
1660
36498
27464
30889
28937
25341
48798
105862
44320
30083
547
40431
2762
40737
85291
18664
1367
36468
33604
96036
2064
28024
1943
2349
71141
22113
76513
28547
31955
1023
78939
32956
51430
27161
140846
29513
30980
1382
57662
33127
18077
78568
18604
35772
46571
1327
19719
13116
49573
30001
136673
1321
33273
20991
27497
8360
102028
118245
63083
1810
7181
1226
34671
1103
52888
50292
23184
1764
1379
35555
2507
23409
26869
19696
40694
2448
1757
59170
57094
39327
1487
35208
42358
966
39032
37882
27482
1480
48646
25008
41340
99976
107526
47280
34558
26033
69984
42791
136023
32552
33406
69458
123807
1576
68809
1770
17726
42444
161465
18377
54976
47534
157298
48029
19627
1075
62751
27710
29590
28902
27979
33668
1430
1845
34432
32756
20462
24828
1628
26621
94228
59986
1399
52494
46709
32440
1756
994
34039
1578
16816
30542
34839
39822
34440
1372
26058
24092
26823
45701
24208
49406
963
2245
97627
46443
1581
1376
21701
30524
66505
130897
46046
89605
29160
36132
19841
2416
30890
1288
34750
33946
48639
33345
29752
39923
28519
1472
35364
76508
25491
34322
65394
32877
2328
66796
1316
104800
66921
91451
1585
53282
13529
2094
23651
41734
1385
2196
2390
86676
1758
22956
46186
96612
73699
1848
28744
38667
26972
26971
29900
21460
1251
43929
66781
17547
45761
31391
21910
45092
110005
47478
1515
41979
128161
1519
1129
42832
113252
77841
32234
4901
29356
5089
16068
15973
22108
3595
1244
1508
26667
32593
41574
23457
1428
17204
30528
22432
40083
1353
972
1348
36099
42102
90835
40932
19019
9806
53241
1351
15057
74839
71375
1124
35996
36132
1818
37761
34859
42384
605
1750
65243
31937
1652
2660
1650
45331
95118
26020
993
21171
1473
128303
1711
13755
100376
37968
53857
11689
1447
1721
3504
1481
37580
24939
127616
28382
45590
26941
44610
9627
2276
39281
19788
113260
39039
1584
167230
7139
1131
33009
27496
1919
1541
1234
2240
11715
38058
195781
24461
47033
2479
13717
28820
28472
1643
41409
30882
32542
25380
1317
1821
2520
2216
2405
2363
1851
42015
1908
21702
111718
26894
1354
1599
23762
32208
9122
30250
42979
17301
29763
89733
26884
182955
41628
38080
34697
1899
46002
27370
26437
40789
35685
1507
1659
37827
155642
101977
129511
1507
1620
114259
63704
12601
95415
54863
1542
29902
1628
1467
33509
12842
84297
958
21107
53498
33726
45211
110544
18187
29114
95447
31377
25970
74458
91401
71085
24392
61421
26105
3996
60397
43424
26945
34258
26391
56480
26429
90439
30716
31259
22629
20691
31572
35415
20032
32386
91645
1830
87200
37226
39258
33928
49157
120994
8210
75647
57447
31292
23834
155143
37278
21785
31768
6984
44630
35316
1338
35649
51833
42087
1083
1070
2673
1997
1345
70421
1541
51939
72983
19029
24041
33763
27504
133779
1333
22122
1686
40629
25155
51758
35099
1367
15864
24787
664
27451
40139
1422
37485
1328
76561
76525
27656
41750
1341
33035
39640
24801
1114
76196
860
26099
1964
63471
30846
11650
66220
25460
68895
1531
58411
33813
52782
1251
16672
31517
2401
55749
23869
88360
34957
41414
43058
38815
1782
43699
48052
1747
36604
29290
87308
20754
1610
40523
34485
42492
3407
1513
5298
7294
32501
1052
93266
17073
89823
133898
41528
45337
36916
1146
4110
44298
2574
31782
40996
100062
2593
42124
1127
24305
1511
24675
27195
65133
2023
1907
201601
55860
41892
26220
6481
91089
37269
1800
44286
46425
25953
747
42028
64979
50901
95234
28538
107174
38919
41006
1513
47197
101166
26077
73559
48157
43665
35955
1989
1260
67035
84794
30614
1916
2531
1906
16303
71125
1438
35377
55642
35946
28856
37286
27929
41426
1784
24712
84012
73890
7047
532
24948
92046
33754
23787
29406
46941
55951
34226
177233
27186
14074
17589
1742
27120
26695
43388
70699
31896
96548
143765
93565
1757
44416
31767
1377
44884
129654
24758
2111
12545
28660
104627
34323
79579
42422
87261
30239
37406
1211
20309
86360
32273
32227
25488
28521
52444
27350
1251
2163
45299
1050
62397
1256
2727
92837
36836
28117
1345
29768
33120
116995
1923
25185
2140
43621
35278
71875
94000
42346
70611
3599
7562
39954
82223
21653
211486
1912
44681
1500
18975
94785
51664
3612
34950
28657
122724
37862
1112
1001
91531
29228
31565
50364
99281
74950
8033
26918
41931
97631
1897
31954
34080
22004
102391
26365
1221
46671
39804
42655
132725
86986
32212
1858
2316
29043
25765
92410
1513
25454
32900
139142
56232
61647
10824
88137
36184
23727
28116
38911
4718
47507
32058
34912
32394
87249
25776
40710
51224
32550
2246
56450
35578
97934
3138
32012
1866
37104
43608
1496
62323
1456
49808
6714
33857
52498
35321
29409
2173
1139
1843
2825
11189
34942
105326
35979
32410
1754
44938
8697
813
24326
55997
1449
71070
1409
34316
29780
6352
4068
44869
43915
32887
45096
52627
28084
44094
39891
97236
58042
1337
21928
1402
4886
24157
40048
30003
34098
1542
108560
47446
47538
52960
35299
87414
42066
82475
1579
39951
26568
36157
1524
108553
38717
50591
110886
74467
25974
35653
40851
60955
31744
78872
10492
35916
118629
36940
27613
22527
25647
24557
47885
30248
48057
30690
2874
37352
32160
43130
2642
5930
123557
29845
36220
8392
20671
28753
37019
1633
1717
33360
33859
1769
1963
64900
19184
100511
