approach
1463
31380
20959
21222
22168
16577
35023
18860
300
26595
2263
27308
59690
15298
1217
27077
1212
23595
1756
1190
52495
16965
55698
20259
22750
786
62598
24625
40058
22064
127092
21641
21557
1112
42633
25498
13299
59223
14384
27234
36819
211
12703
10760
37668
20987
1037
20951
11913
18907
4995
79160
88686
1590
5261
1071
26004
541
38681
38550
15554
1026
987
30502
2171
17291
17188
16854
1550
1513
49072
35299
30976
686
27387
29503
816
30761
28792
16737
999
33361
16055
31253
58185
31310
25852
19170
54463
26777
24765
25365
95142
1193
1437
13641
138917
14885
41226
34509
16232
1075
41575
20744
24673
21179
23217
29844
1166
1742
21665
19673
14423
15134
1297
20163
73320
48412
1248
36218
33612
22993
871
660
25188
1578
13254
21241
28383
27551
26455
959
20419
18656
19397
29434
16063
714
1600
37304
1354
916
16991
21815
53561
35743
23545
14343
2291
24524
517
29439
25353
32028
26673
21871
29147
21569
1319
15992
29270
54242
23521
1833
51051
1317
85208
55401
53676
1570
38401
8005
1957
17993
28698
972
1437
1511
68994
1665
19024
38240
56872
1578
22300
27554
20456
20516
23037
15334
943
31257
52582
12796
32942
24158
15977
31953
37870
1515
24320
731
781
33225
82198
20410
1858
22796
3098
13000
11597
17367
2742
859
1359
18513
26659
29518
18361
795
13602
19066
15337
28514
827
816
1348
30479
31548
70921
34108
9933
6676
37318
567
9891
61510
376
29218
1167
24989
30094
453
1606
44995
26417
1221
2010
1650
35665
66663
21025
952
17228
885
107790
689
9501
73955
30306
40606
9042
544
781
2129
1481
31545
16158
111040
23185
33730
18646
2012
29310
14775
29614
1054
125005
1131
24715
19342
1480
1032
1022
1671
8655
29590
159179
17649
2339
8704
21209
19770
1478
31129
25543
22968
20735
1005
1312
896
2124
2405
1381
1548
32069
962
17585
18676
1225
950
18990
22681
22690
34858
12066
22132
70419
153841
31271
30483
27413
1582
36465
19805
20044
31795
22416
1296
1660
28952
118712
95176
1369
1026
81430
10684
64496
39745
630
27109
1435
1122
23750
9210
66123
750
16881
38353
23208
38885
81879
13432
69061
24797
17959
57933
73946
57267
17219
43152
21362
2297
34584
19561
24033
19214
46546
21088
72261
22239
25213
17835
15999
22334
24944
15873
26803
78485
1436
27886
32018
24831
32050
92341
5925
63357
40289
23617
17282
131505
29744
18198
25073
4586
32674
26823
1006
39427
33148
1084
407
2645
1557
876
1166
37293
11779
18109
22783
23776
103590
991
13039
1239
29682
20409
40677
25555
992
10027
19737
476
22003
1226
1139
61113
58725
20354
29366
1315
25231
33348
19073
994
61557
860
21091
1695
42796
18988
8343
52174
18000
58411
768
43234
40378
1098
10187
24803
1866
19047
27418
33959
32710
22582
1363
29325
37636
1382
28199
21133
68598
14741
1243
29805
31707
1907
1375
3100
5017
22839
765
71163
12579
68192
34278
35276
27719
850
2973
1749
23160
31719
78743
1405
32253
1065
19156
1360
18668
19910
46780
1346
1525
165873
42210
30008
19761
70257
1800
35741
29612
20126
456
33849
50014
41358
79421
20776
26241
35401
952
37123
69986
19915
62762
37919
33888
29047
950
1039
42753
67137
18889
1893
2503
1360
13181
44939
1437
26481
24648
24804
28736
33974
1669
16618
45715
400
20879
22943
17715
21847
33967
42377
26289
23106
8419
12451
1742
22953
21323
32546
25739
75383
862
37972
23899
718
29970
103686
17219
1134
10147
23016
20534
60587
31879
60758
19586
24154
701
15033
60979
24089
25799
19298
23868
41652
19750
915
1447
36022
677
36515
928
1974
73815
21377
1110
23014
28251
1455
22557
1966
20606
73234
30764
2688
6808
28023
14899
165893
851
29807
846
12725
68310
38926
2543
28190
20174
33243
1045
754
62250
22851
25094
35789
21142
32590
74692
1897
20178
21757
18396
18290
588
30005
26079
100772
21788
1415
1299
22304
19188
66530
1190
19554
26382
114627
39251
43774
28820
16012
23913
26962
3332
31929
25021
28232
25374
54903
20362
26453
43436
22112
1614
37559
27009
1921
23173
1371
28312
29232
859
974
22666
39674
27473
21229
1966
645
1157
1278
87379
29193
25767
1542
32859
2943
354
17881
35687
1256
46342
1259
24407
22812
5257
4054
34065
33045
22305
35468
39052
21146
31544
30309
73038
39510
774
16120
517
3170
17853
29415
17116
26987
1243
79733
35079
38236
36154
25437
36148
60160
1579
25729
20143
950
98214
26057
40258
90769
57858
15682
24629
27837
47011
23235
48520
8105
27002
105457
30775
21810
14452
18827
17791
36444
23680
37996
24709
2500
27748
22125
31679
1293
2870
21543
27357
7677
14970
23894
21865
671
1561
23656
22707
1219
1135
51624
15742
70462
