challenge
591
314
693
835
462
333
2968
325
3467
107
167
781
392
129
210
1126
877
1234
341
2367
142
628
127
403
112
1415
69
78
197
365
430
392
391
217
2694
4197
392
102
515
1366
718
186
74
353
310
131
1810
155
398
495
148
371
681
336
152
271
1637
219
443
211
592
273
296
128
1328
192
668
1261
325
68
790
221
248
632
92
385
394
429
1059
439
2084
833
511
1186
349
796
126
679
734
323
570
99
511
468
663
321
593
377
2414
352
207
413
484
98
382
495
770
669
2305
1054
2190
888
696
185
289
1352
733
1253
1149
98
198
446
1227
553
307
561
266
466
188
726
706
3720
86
322
510
39
176
89
1314
1463
365
222
372
702
481
2190
436
241
502
2235
176
1854
355
169
228
2805
719
1050
140
2359
500
128
152
125
100
856
379
555
379
182
1279
2313
189
159
107
319
1356
196
984
718
226
206
632
342
256
134
636
247
467
270
53
411
670
1584
845
1035
385
237
1196
417
727
518
214
4826
2179
2635
169
3142
241
192
214
89
2260
377
210
784
709
1763
188
2272
229
53
1797
2283
1442
106
2496
184
901
824
526
923
1952
307
390
447
1441
332
436
609
1196
2686
1140
186
152
650
1968
146
176
702
148
476
184
721
773
157
376
2188
242
119
561
156
692
468
156
185
712
245
257
873
434
1307
446
112
3862
1160
571
107
561
770
866
171
254
238
898
163
435
160
474
469
419
1239
182
207
563
2259
48
1050
190
774
57
631
356
929
546
354
832
1424
1234
959
1290
150
1627
266
1087
136
1201
1450
612
516
421
802
92
1051
309
200
990
1665
952
1840
119
103
698
495
1478
130
406
356
246
563
1966
165
318
481
160
393
4253
770
380
1209
413
559
161
402
669
2282
1254
2659
1431
744
322
2824
450
160
1028
378
983
1088
291
427
327
101
387
139
1401
608
973
328
3006
126
141
3001
972
496
110
1261
182
113
558
170
2029
481
706
228
102
531
76
2858
513
129
145
147
2209
372
92
1061
801
1478
136
215
151
517
379
558
185
1836
744
213
331
1072
2314
518
1157
104
1940
122
239
890
141
1608
190
211
141
113
810
158
1593
843
215
121
724
733
377
2579
682
742
2246
1315
158
103
429
300
221
2883
2627
690
1970
628
1458
243
656
719
849
1146
2273
2495
266
1369
943
1137
254
3754
215
144
448
607
223
282
496
974
996
402
234
1026
154
787
990
1421
172
410
702
221
893
201
2794
