background
196
419
2506
2206
2567
3977
2768
4734
245
3335
287
3421
4607
1149
135
5181
154
1964
5380
2938
7921
4016
2713
212
3557
3314
4060
2847
4092
3750
4200
203
6580
2781
1672
5285
1862
3536
4763
197
3256
1411
2794
3531
118
3640
4115
3699
129
5062
6468
3706
5249
5788
2362
100
211
1395
100
2679
2546
656
249
232
5336
10992
3422
1146
6297
2655
5257
5379
261
7239
3479
3184
3381
4999
3877
3622
3996
6372
3439
2520
6501
60
2223
4920
1411
5759
4823
1064
8441
2030
1365
4046
1140
1469
161
6307
5935
976
4049
120
3064
4400
5096
151
4878
4929
2598
239
221
3009
1526
3389
3329
5815
2680
298
1420
2901
3615
7900
4568
193
4018
348
2614
3785
2698
3239
2414
1730
124
3088
108
2504
4603
6820
2401
1831
4349
2743
5498
2063
4778
3637
141
4507
4623
1647
21699
2007
815
136
2585
3512
106
156
4827
92
2102
1197
5951
2237
4553
2959
3128
1761
2127
2799
3221
1348
6594
1871
2189
3879
2851
5315
281
78
4005
6231
5049
215
2894
1693
1848
1223
253
116
3672
2438
2306
750
385
838
5275
2326
2755
115
3461
3750
4733
2792
4731
1612
7075
3086
3056
244
1476
309
6137
4749
150
8725
1740
162
3367
12468
2939
1658
4272
136
1929
8532
3418
6813
603
117
359
685
2964
4446
2352
2398
3053
2055
128
4230
1738
3677
16646
3807
4422
200
248
1066
4033
5059
2437
3478
2716
4632
4650
1598
5012
1675
291
135
324
1711
426
1193
6138
128
165
1834
5221
3747
3430
711
3003
1873
3848
3153
3112
3493
50
2643
3726
3401
1843
4932
210
4123
8572
5702
138
125
8554
559
14042
3936
276
1123
211
4628
1793
3484
207
777
6736
5462
1430
9080
2137
6093
2730
3584
3114
4189
3046
2285
6310
2886
106
2533
2154
3883
2157
3504
2732
6432
4640
1807
1959
2632
4431
4199
1994
2101
1966
160
5314
1733
4234
6168
8840
860
3854
8396
3202
2525
4875
2490
1040
3545
95
2531
3676
182
2036
1785
237
321
118
4658
2782
3382
3118
1662
8843
212
4995
207
4933
1856
6062
3295
1991
1993
1764
3532
4418
3148
4212
1737
1660
2197
3787
1432
5607
4050
662
3994
2094
1371
60
4702
3093
1051
3041
112
948
2881
4219
5120
6256
7743
3720
80
3118
3393
8033
2602
4338
2952
634
131
273
265
5533
5883
1642
6164
1210
3906
4540
780
1675
2990
7719
362
3972
2277
150
1795
2867
5305
122
3547
4369
5231
2815
5355
1538
5919
2394
3439
3311
3644
4854
2687
4974
2748
3735
15322
2419
640
2923
5026
2421
278
3684
5133
2497
100
1720
8218
3738
5159
1635
2981
3429
114
2734
11916
1188
2625
2712
3676
6306
3784
2726
2068
2742
2534
2179
1510
3933
1844
7155
407
844
3003
7927
10152
3630
158
1511
1834
4460
5544
1684
10216
3042
6481
2264
7804
3762
1334
3538
3304
4477
3307
195
2561
7187
172
6444
3007
2214
2512
1624
132
4871
5239
4522
112
383
3407
3093
6697
197
7848
2782
8619
4030
137
4259
2911
1946
14414
2571
2184
4841
2360
4002
6017
6883
5140
1570
2248
6689
8972
7192
3624
169
1607
2257
9379
2077
1760
4299
5574
5857
3066
892
2519
7212
8317
2993
2352
2331
12159
1839
4568
2059
4889
157
5075
2925
686
2850
3615
4858
201
165
4485
4254
3245
1736
493
116
133
2773
3267
2711
211
3596
221
1950
4304
7884
5034
2990
4380
3253
4565
2551
3219
1838
4097
3481
8045
5401
2254
84
245
3273
4778
6013
2805
7150
3156
2871
4070
3267
1280
5586
4686
3111
229
2080
6124
2096
3612
6133
6545
3896
4461
4102
2418
10343
1237
3932
4287
2191
1754
3701
4356
2100
3518
2598
2802
1856
4107
3038
4303
737
329
2533
2816
521
2695
420
3082
744
145
4144
3802
251
4247
1481
6949
